08200002000000000008000002600000000000307440005000000000006456
08200002000000000008000002610000000000155370005000000000003263
08200002000000000008000002620000000000416690005000000000008751
08200002000000000008000002630000000000201490005000000000004231
08200002000000000008000002640000000000087600005000000000001840
08200002000000000008000002650000000000153390005000000000003221
08200002000000000008000002660000000000104130005000000000002187
08200002000000000008000002670000000000210740005000000000004426
08200002000000000008000002680000000000127270005000000000002673
08200002000000000008000002690000000000107440005000000000002256
08200002000000000008000002700000000000099170005000000000002083
08200002000000000008000002710000000000190080005000000000003992
08200002000000000008000002720000000000485210005000000000010189
08200002000000000008000002730000000000133880005000000000002812
08200002000000000008000002740000000000114710005000000000002409
08200002000000000008000002750000000000107440005000000000002256
08200002000000000008000002760000000000045120005000000000000948
08200002000000000008000002770000000000100000005000000000002100
08200002000000000008000002780000000000235540005000000000004946
08200002000000000008000002790000000000106200005000000000002230
08200002000000000008000002800000000000200000005000000000004200
08200002000000000008000002810000000000070660005000000000001484
08200002000000000008000002820000000000082640005000000000001736
08200002000000000008000002830000000000100660005000000000002114
08200002000000000008000002840000000000109710005000000000002304
08200002000000000008000002850000000000403880005000000000008482
08200002000000000008000002860000000000128930005000000000002707
08200002000000000008000002870000000000070500005000000000001480
08200002000000000008000002880000000000165120005000000000003468
08200002000000000008000002890000000000231400005000000000004860
08200002000000000008000002900000000000065950005000000000001385
08200002000000000008000002910000000000054790005000000000001151
08200002000000000008000002920000000000047730005000000000001002
08200002000000000008000002930000000000254130005000000000005337
08200002000000000008000002940000000000184880005000000000003882
08200002000000000008000002950000000000159340005000000000003346
08200002000000000008000002960000000000113220005000000000002378
08200002000000000008000002970000000000089260005000000000001874
08200002000000000008000002980000000000099170005000000000002083
08200002000000000008000002990000000000168350005000000000003535
08200002000000000008000003000000000000237360005000000000004984
08200002000000000008000003010000000000065290005000000000001371
08200002000000000008000003020000000000154550005000000000003245
08200002000000000008000003030000000000410500005000000000008620
08200002000000000008000003040000000000164210005000000000003449
08200002000000000008000003050000000000120250005000000000002525
08200002000000000008000003060000000000574380005000000000012062
08200002000000000008000003070000000000062810005000000000001319
08200002000000000008000003080000000000057850005000000000001215
08200002000000000008000003090000000000178720005000000000003753
08200002000000000008000003100000000000223140005000000000004686
08200002000000000008000003110000000000167980005000000000003527
08200002000000000008000003120000000000194170005000000000004078
08200002000000000008000003130000000000031490005000000000000661
08200002000000000008000003140000000000057850005000000000001215
08200002000000000008000003150000000000345410005000000000007254
08200002000000000008000003160000000000169420005000000000003558
08200002000000000008000003170000000000235120005000000000004938
08200002000000000008000003180000000000250830005000000000005267
08200002000000000008000003190000000000179420005000000000003768
08200002000000000008000003200000000000218100005000000000004580
08200002000000000008000003210000000000195540005000000000004106
08200002000000000008000003220000000000315290005000000000006621
08200002000000000008000003230000000000061320005000000000001288
08200002000000000008000003240000000000146030005000000000003067
08200002000000000008000003250000000000229750005000000000004825
08200002000000000008000003260000000000347110005000000000007289
08200002000000000008000003270000000000226820005000000000004763
08200002000000000008000003280000000000147600005000000000003100
08200002000000000008000003290000000000313640005000000000006586
08200002000000000008000003300000000000329130005000000000006912
08200002000000000008000003310000000000055870005000000000001173
08200002000000000008000003320000000000112810005000000000002369
08200002000000000008000003330000000000245450005000000000005155
08200002000000000008000003340000000000401200005000000000008425
08200002000000000008000003350000000000049590005000000000001041
08200002000000000008000003360000000000049590005000000000001041
08200002000000000008000003370000000000209830005000000000004407
08200002000000000008000003380000000000114880005000000000002412
08200002000000000008000003390000000000164960005000000000003464
08200002000000000008000003400000000000151070005000000000003173
08200002000000000008000003410000000000115620005000000000002428
08200002000000000008000003420000000000606450005000000000012735
08200002000000000008000003430000000000099500005000000000002090
08200002000000000008000003440000000000184710005000000000003879
08200002000000000008000003450000000000080580005000000000001692
08200002000000000008000003460000000000051320005000000000001078
08200002000000000008000003470000000000123220005000000000002588
1120000200000000000000000001-000000000000080005-00000000000002
1120000200000000000000000002-000000117461140005-00000002466684
1120000200000000000000000003-000000055933800005-00000001174610
08200002000000000008000003490000000000105620005000000000002218
08200002000000000008000003500000000000131240005000000000002756
08200002000000000008000003510000000000064880005000000000001362
08200002000000000008000003520000000000103800005000000000002180
1120000200000000000000000004-000000003183480005-00000000066853
08200002000000000008000003540000000000052890005000000000001111
08200002000000000008000003550000000000202480005000000000004252
08200002000000000008000003560000000000155790005000000000003271
08200002000000000008000003570000000000161980005000000000003402
08200002000000000008000003580000000000163720005000000000003438
08200002000000000008000003590000000000196120005000000000004118
08200002000000000008000003600000000000063390005000000000001331
08200002000000000008000003610000000000115450005000000000002425
08200002000000000008000003620000000000529920005000000000011128
08200002000000000008000003630000000000471940005000000000009911
08200002000000000008000003640000000000102480005000000000002152
08200002000000000008000003650000000000784790005000000000016481
08200002000000000008000003670000000000117110005000000000002459
08200002000000000008000003680000000000386780005000000000008122
08200002000000000008000003690000000000057640005000000000001211
08200002000000000008000003700000000000107440005000000000002256
08200002000000000008000003710000000000269300005000000000005655
08200002000000000008000003720000000000072890005000000000001531
08200002000000000008000003730000000000097770005000000000002053
08200002000000000008000003740000000000185540005000000000003896
08200002000000000008000003750000000000038020005000000000000798
08200002000000000008000003760000000000127690005000000000002681
08200002000000000008000003770000000000067730005000000000001422
08200002000000000008000003780000000000060740005000000000001276
08200002000000000008000003790000000000087770005000000000001843
08200002000000000008000003800000000000070330005000000000001477
08200002000000000008000003810000000000091160005000000000001914
08200002000000000008000003820000000000033060005000000000000694
08200002000000000008000003830000000000126200005000000000002650
08200002000000000008000003840000000000461820005000000000009698
08200002000000000008000003850000000000197110005000000000004139
08200002000000000008000003860000000000061940005000000000001301
08200002000000000008000003870000000000104210005000000000002189
08200002000000000008000003880000000000389500005000000000008180
08200002000000000008000003890000000000108930005000000000002287
08100002000000000000000000030000000117461140005000000002466684
08100002000000000000000000050000000059117280005000000001241463
