08100001000000000000000008510000000026914050005000000000565195
08100001000000000000000008520000000006966940005000000000146306
08100001000000000000000008530000000009393390005000000000197261
08200001000000000000000114480000000001652890005000000000034711
08200001000000000000000114500000000000704960005000000000014804
08200001000000000000000114510000000000793390005000000000016661
08200001000000000000000114520000000000599170005000000000012583
08200001000000000000000114530000000000765290005000000000016071
08200001000000000000000114540000000000790080005000000000016592
08200001000000000000000114550000000000799170005000000000016783
08200001000000000000000114560000000000815700005000000000017130
08200001000000000000000114570000000000775210005000000000016279
08200001000000000000000114580000000000773550005000000000016245
08200001000000000000000114590000000000795870005000000000016713
08200001000000000000000114600000000000704130005000000000014787
08200001000000000000000114610000000000742150005000000000015585
08200001000000000000000114620000000000823970005000000000017303
08200001000000000000000114630000000000745450005000000000015655
08200001000000000000000114640000000000768600005000000000016140
08200001000000000000000114650000000000742980005000000000015602
08200001000000000000000114660000000000791740005000000000016626
08200001000000000000000114670000000000777690005000000000016331
08100001000000000000000008540000000009090910005000000000190909
08200001000000000000000114680000000000798350005000000000016765
08200001000000000000000114690000000000789260005000000000016574
08200001000000000000000114700000000000776030005000000000016297
08200001000000000000000114710000000000727270005000000000015273
08200001000000000000000114720000000000809920005000000000017008
08200001000000000000000114730000000000805790005000000000016921
08200001000000000000000114740000000000633060005000000000013294
08200001000000000000000114750000000000809920005000000000017008
08200001000000000000000114760000000000796690005000000000016731
08200001000000000000000114770000000000461160005000000000009684
08200001000000000000000114780000000000773550005000000000016245
08200001000000000000000114790000000000742980005000000000015602
08200001000000000000000114800000000000824790005000000000017321
08200001000000000000000114810000000000740500005000000000015550
08200001000000000000000114820000000000824790005000000000017321
08200001000000000000000114830000000000779340005000000000016366
08200001000000000000000114840000000000824790005000000000017321
08200001000000000000000114850000000000706610005000000000014839
08200001000000000000000114860000000000768600005000000000016140
08200001000000000000000114870000000000785120005000000000016488
08200001000000000000000114880000000000685950005000000000014405
08200001000000000000000114890000000000752070005000000000015793
08200001000000000000000114900000000000819010005000000000017199
08200001000000000000000114910000000000806610005000000000016939
08200001000000000000000114920000000000798350005000000000016765
08200001000000000000000114930000000000552890005000000000011611
08200001000000000000000114940000000000736360005000000000015464
08200001000000000000000114950000000000485950005000000000010205
08200001000000000000000114960000000000690080005000000000014492
08200001000000000000000114970000000000552070005000000000011593
08200001000000000000000114980000000000807440005000000000016956
08200001000000000000000114990000000000454550005000000000009545
08200001000000000000000115000000000000798350005000000000016765
08200001000000000000000115010000000000797520005000000000016748
08200001000000000000000115020000000000304130005000000000006387
08200001000000000000000115030000000000823140005000000000017286
08200001000000000000000115040000000000794210005000000000016679
08200001000000000000000115050000000000814880005000000000017112
08200001000000000000000115060000000000552890005000000000011611
08200001000000000000000115070000000000795870005000000000016713
08200001000000000000000115080000000000818180005000000000017182
08200001000000000000000115090000000000733060005000000000015394
08200001000000000000000115100000000000304960005000000000006404
08200001000000000000000115110000000000731400005000000000015360
08200001000000000000000115120000000000524790005000000000011021
08200001000000000000000115130000000000735540005000000000015446
08200001000000000000000115140000000000566940005000000000011906
08200001000000000000000115150000000000548760005000000000011524
08200001000000000000000115160000000000718180005000000000015082
08200001000000000000000115170000000000642150005000000000013485
08200001000000000000000115180000000000637190005000000000013381
08200001000000000000000115190000000000670250005000000000014075
08200001000000000000000115200000000000646280005000000000013572
08200001000000000000000115210000000000824790005000000000017321
08200001000000000000000115220000000000752890005000000000015811
08200001000000000000000115230000000000743800005000000000015620
08200001000000000000000115240000000000704130005000000000014787
08200001000000000000000115250000000000742980005000000000015602
08200001000000000000000115260000000000733880005000000000015412
08200001000000000000000115270000000000614050005000000000012895
08200001000000000000000115280000000000743800005000000000015620
08200001000000000000000115290000000000731400005000000000015360
08200001000000000000000115300000000000820660005000000000017234
08200001000000000000000115310000000000655370005000000000013763
08200001000000000000000115320000000000704130005000000000014787
08200001000000000000000115330000000000523140005000000000010986
08200001000000000000000115340000000000707440005000000000014856
08200001000000000000000115350000000000643800005000000000013520
08200001000000000000000115360000000000738020005000000000015498
08200001000000000000000115370000000000552890005000000000011611
08200001000000000000000115380000000000540500005000000000011350
08200001000000000000000115390000000000643800005000000000013520
08200001000000000000000115400000000000734710005000000000015429
08200001000000000000000115410000000000495870005000000000010413
08200001000000000000000115420000000000577690005000000000012131
08200001000000000000000115430000000000743800005000000000015620
08200001000000000000000115440000000000461980005000000000009702
08200001000000000000000115450000000000744630005000000000015637
08200001000000000000000115460000000000439670005000000000009233
08200001000000000000000115470000000000820660005000000000017234
08200001000000000000000115480000000000729750005000000000015325
08200001000000000000000115490000000000732230005000000000015377
08200001000000000000000115500000000000639670005000000000013433
08200001000000000000000115510000000000404960005000000000008504
08200001000000000000000115520000000000639670005000000000013433
08200001000000000000000115530000000000652070005000000000013693
08200001000000000000000115540000000000704960005000000000014804
08100001000000000000000008550000000012393390005000000000260261
08100001000000000000000008560000000005574380005000000000117062
08100001000000000000000008620000000007347110005000000000154289
08200001000000000000000115550000000000745450005000000000015655
08200001000000000000000115560000000000762810005000000000016019
08200001000000000000000115570000000000818180005000000000017182
08200001000000000000000115580000000000771070005000000000016193
08200001000000000000000115590000000000743800005000000000015620
08200001000000000000000115600000000000661160005000000000013884
08200001000000000000000115610000000000577690005000000000012131
08200001000000000000000115620000000000785120005000000000016488
08200001000000000000000115630000000000661160005000000000013884
08200001000000000000000115640000000000818180005000000000017182
08200001000000000000000115650000000000820660005000000000017234
08200001000000000000000115660000000000577690005000000000012131
08200001000000000000000115670000000000623970005000000000013103
08200001000000000000000115680000000000715700005000000000015030
08200001000000000000000115690000000000688430005000000000014457
08200001000000000000000115700000000000732230005000000000015377
08200001000000000000000115710000000000743800005000000000015620
08200001000000000000000115720000000000552890005000000000011611
08200001000000000000000115870000000000817360005000000000017164
08100001000000000000000008570000000002809090005000000000058991
08100001000000000000000008580000000003760330005000000000078967
08100001000000000000000008590000000002773550005000000000058245
08100001000000000000000008600000000003718180005000000000078082
08100001000000000000000008610000000007801650005000000000163835
08200001000000000000000115730000000000650410005000000000013659
08200001000000000000000115740000000000368600005000000000007740
08200001000000000000000115750000000000732230005000000000015377
08200001000000000000000115760000000000644630005000000000013537
08200001000000000000000115770000000000642980005000000000013502
08200001000000000000000115780000000000774380005000000000016262
08200001000000000000000115790000000000757850005000000000015915
08200001000000000000000115800000000000605790005000000000012721
08200001000000000000000115810000000000749590005000000000015741
08200001000000000000000115820000000000534710005000000000011229
08200001000000000000000115830000000000785950005000000000016505
08200001000000000000000115840000000000620660005000000000013034
08200001000000000000000115850000000000752070005000000000015793
08200001000000000000000115860000000000570250005000000000011975
08200001000000000000000115880000000000752890005000000000015811
08200001000000000000000115890000000000552070005000000000011593
08200001000000000000000115900000000000577690005000000000012131
08200001000000000000000115910000000000818180005000000000017182
08200001000000000000000115920000000000767770005000000000016123
08200001000000000000000115930000000000610740005000000000012826
08200001000000000000000115940000000000677690005000000000014231
08200001000000000000000115950000000000646280005000000000013572
08200001000000000000000115960000000000511570005000000000010743
08200001000000000000000115970000000000622310005000000000013069
08200001000000000000000115980000000000704130005000000000014787
08200001000000000000000115990000000000714050005000000000014995
08200001000000000000000116000000000000710740005000000000014926
08200001000000000000000116010000000000744630005000000000015637
08200001000000000000000116020000000000793390005000000000016661
08200001000000000000000116030000000000819830005000000000017217
08200001000000000000000116040000000000814880005000000000017112
08200001000000000000000116050000000000615700005000000000012930
08200001000000000000000116060000000000750410005000000000015759
08200001000000000000000116070000000000413220005000000000008678
08200001000000000000000116080000000000735540005000000000015446
08200001000000000000000116090000000000818180005000000000017182
08200001000000000000000116100000000000795870005000000000016713
08200001000000000000000116110000000000825620005000000000017338
08200001000000000000000116120000000000494210005000000000010379
08200001000000000000000116130000000000734710005000000000015429
08200001000000000000000116140000000000734710005000000000015429
08200001000000000000000116150000000000652070005000000000013693
08200001000000000000000116160000000000735540005000000000015446
08200001000000000000000116170000000000587600005000000000012340
08200001000000000000000116180000000000668600005000000000014040
08200001000000000000000116190000000000551240005000000000011576
08200001000000000000000116200000000000820660005000000000017234
08200001000000000000000116210000000000468600005000000000009840
08200001000000000000000116220000000000660330005000000000013867
08200001000000000000000116230000000000736360005000000000015464
08200001000000000000000116240000000000540500005000000000011350
08200001000000000000000116250000000000711570005000000000014943
08200001000000000000000116260000000000702480005000000000014752
08200001000000000000000116270000000000295040005000000000006196
08200001000000000000000116280000000000551240005000000000011576
08200001000000000000000116290000000000394210005000000000008279
08200001000000000000000116300000000000743800005000000000015620
08200001000000000000000116310000000000734710005000000000015429
08200001000000000000000116320000000000710740005000000000014926
08200001000000000000000116330000000000651240005000000000013676
08200001000000000000000116340000000000742980005000000000015602
08200001000000000000000116350000000000731400005000000000015360
08200001000000000000000116360000000000709920005000000000014908
08200001000000000000000116370000000000742980005000000000015602
08200001000000000000000116380000000000823140005000000000017286
08200001000000000000000116390000000000823970005000000000017303
08200001000000000000000116400000000000734710005000000000015429
08200001000000000000000116410000000000743800005000000000015620
08200001000000000000000116420000000000821490005000000000017251
08200001000000000000000116430000000000718180005000000000015082
08200001000000000000000116440000000000742150005000000000015585
08200001000000000000000116450000000000540500005000000000011350
08200001000000000000000116460000000000820660005000000000017234
08200001000000000000000116470000000000743800005000000000015620
08200001000000000000000116480000000000461980005000000000009702
08200001000000000000000116490000000000647110005000000000013589
08200001000000000000000116500000000000495040005000000000010396
08200001000000000000000116510000000000742980005000000000015602
08200001000000000000000116520000000000733060005000000000015394
08100001000000000000000008630000000002892560005000000000060744
08100001000000000000000008640000000003057850005000000000064215
08100001000000000000000008650000000007107440005000000000149256
08200001000000000000000116530000000000642150005000000000013485
08200001000000000000000116540000000000612400005000000000012860
08200001000000000000000116550000000000702480005000000000014752
08200001000000000000000116560000000000718180005000000000015082
08200001000000000000000116570000000000817360005000000000017164
08200001000000000000000116580000000000711570005000000000014943
08200001000000000000000116590000000000492560005000000000010344
08200001000000000000000116600000000000795870005000000000016713
08200001000000000000000116610000000000811570005000000000017043
08200001000000000000000116620000000000815700005000000000017130
08200001000000000000000116630000000000752890005000000000015811
08200001000000000000000116640000000000661160005000000000013884
08200001000000000000000116650000000000495040005000000000010396
08200001000000000000000116660000000000704130005000000000014787
08200001000000000000000116670000000000652070005000000000013693
08100001000000000000000008680000000007438020005000000000156198
08200001000000000000000116680000000000578510005000000000012149
08200001000000000000000116690000000000611570005000000000012843
08200001000000000000000116700000000000819830005000000000017217
08200001000000000000000116710000000000660330005000000000013867
08200001000000000000000116720000000000733060005000000000015394
08200001000000000000000116730000000000805790005000000000016921
08200001000000000000000116740000000000743800005000000000015620
08200001000000000000000116750000000000801650005000000000016835
08200001000000000000000116760000000000660330005000000000013867
08200001000000000000000116770000000000719830005000000000015117
08200001000000000000000116780000000000733060005000000000015394
08200001000000000000000116790000000000568600005000000000011940
08200001000000000000000116800000000000550410005000000000011559
08200001000000000000000116810000000000733060005000000000015394
08200001000000000000000116820000000000639670005000000000013433
08200001000000000000000116830000000000703310005000000000014769
08200001000000000000000116840000000000704960005000000000014804
08200001000000000000000116850000000000728930005000000000015307
08200001000000000000000116860000000000733880005000000000015412
08200001000000000000000116870000000000818180005000000000017182
08200001000000000000000116880000000000722310005000000000015169
08200001000000000000000116890000000000723140005000000000015186
08200001000000000000000116900000000000734710005000000000015429
08200001000000000000000116910000000000734710005000000000015429
08200001000000000000000116920000000000661160005000000000013884
08200001000000000000000116930000000000724790005000000000015221
08200001000000000000000116940000000000724790005000000000015221
08200001000000000000000116950000000000743800005000000000015620
08200001000000000000000116960000000000640500005000000000013450
08200001000000000000000116970000000000640500005000000000013450
08200001000000000000000116980000000000727270005000000000015273
08200001000000000000000116990000000000549590005000000000011541
08200001000000000000000117000000000000819830005000000000017217
08200001000000000000000117010000000000754550005000000000015845
08200001000000000000000117020000000000311570005000000000006543
08200001000000000000000117030000000000461160005000000000009684
08200001000000000000000117040000000000616530005000000000012947
