08200002000000000008000017710000000000126280005000000000002652
08200002000000000008000017720000000000090740005000000000001906
08200002000000000008000017730000000000107270005000000000002253
08200002000000000008000017740000000000125040005000000000002626
08200002000000000008000017750000000000043180005000000000000907
08200002000000000008000017760000000000003220005000000000000068
08200002000000000008000017770000000000046280005000000000000972
08200002000000000008000017720000000000085950005000000000001805
08200002000000000008000017730000000000261900005000000000005500
08200002000000000008000017740000000000145700005000000000003060
08200002000000000008000017750000000000077690005000000000001631
08200002000000000008000017760000000000078260005000000000001644
08200002000000000008000017770000000000615870005000000000012933
08200002000000000008000017780000000000077730005000000000001632
08200002000000000008000017790000000000176030005000000000003697
08200002000000000008000017800000000000104550005000000000002195
08200002000000000008000017810000000000017770005000000000000373
08200002000000000008000017820000000000033840005000000000000711
08200002000000000008000017830000000000123970005000000000002603
08200002000000000008000017840000000000491490005000000000010321
08200002000000000008000017850000000000245870005000000000005163
08200002000000000008000017860000000000147600005000000000003100
08200002000000000008000017870000000000231400005000000000004860
08200002000000000008000017880000000000190740005000000000004006
08200002000000000008000017890000000000111860005000000000002349
08200002000000000008000017900000000000441320005000000000009268
08200002000000000008000017910000000000079170005000000000001663
08200002000000000008000017920000000000335790005000000000007051
08200002000000000008000017930000000000096570005000000000002028
08200002000000000008000017940000000000256280005000000000005382
08200002000000000008000017950000000000221490005000000000004651
08200002000000000008000017960000000000014550005000000000000305
08200002000000000008000017970000000000506780005000000000010642
08200002000000000008000017980000000000003220005000000000000068
08200002000000000008000017990000000000311570005000000000006543
08200002000000000008000017980000000000307480005000000000006457
08200002000000000008000017990000000000140000005000000000002940
08200002000000000008000018000000000000029670005000000000000623
08200002000000000008000018010000000000035790005000000000000751
08200002000000000008000018020000000000139670005000000000002933
08200002000000000008000018030000000000017360005000000000000364
08200002000000000008000018040000000000068600005000000000001440
08200002000000000008000018050000000000044630005000000000000937
08200002000000000008000018060000000000319550005000000000006710
08200002000000000008000018070000000000209920005000000000004408
08200002000000000008000018080000000000112640005000000000002366
08200002000000000008000018090000000000131740005000000000002766
08200002000000000008000018100000000000116530005000000000002447
08200002000000000008000018110000000000383970005000000000008063
08200002000000000008000018120000000000104380005000000000002192
08200002000000000008000018130000000000176030005000000000003697
08200002000000000008000018140000000000162190005000000000003406
08200002000000000008000018150000000000038970005000000000000818
08200002000000000008000018160000000000204960005000000000004304
08200002000000000008000018170000000000232480005000000000004882
08200002000000000008000018180000000000088510005000000000001859
08200002000000000008000018190000000000050410005000000000001059
08200002000000000008000018200000000000039670005000000000000833
08200002000000000008000018210000000000150040005000000000003151
08200002000000000008000018220000000000575210005000000000012079
08200002000000000008000018230000000000026690005000000000000561
08200002000000000008000018240000000000062690005000000000001316
08200002000000000008000018250000000000440500005000000000009250
08200002000000000008000018260000000000040500005000000000000850
08200002000000000008000018270000000000162640005000000000003416
08200002000000000008000018280000000000101820005000000000002138
08200002000000000008000018290000000000071900005000000000001510
08200002000000000008000018300000000000031980005000000000000672
08200002000000000008000018310000000000152730005000000000003207
08200002000000000008000018320000000000063550005000000000001335
08200002000000000008000018330000000000092600005000000000001945
08200002000000000008000018340000000000212070005000000000004453
08200002000000000008000018350000000000163220005000000000003428
08200002000000000008000018360000000000071740005000000000001506
08200002000000000008000018370000000000032230005000000000000677
08200002000000000008000018380000000000042560005000000000000894
08200002000000000008000018390000000000019590005000000000000411
08200002000000000008000018400000000000207770005000000000004363
08200002000000000008000018410000000000035700005000000000000750
08200002000000000008000018420000000000067600005000000000001420
08200002000000000008000018430000000000457020005000000000009598
08200002000000000008000018440000000000041320005000000000000868
08200002000000000008000018450000000000023880005000000000000502
08200002000000000008000018460000000000283800005000000000005960
08200002000000000008000018470000000000042850005000000000000900
08200002000000000008000018480000000000189750005000000000003985
08200002000000000008000018490000000000286240005000000000006011
08200002000000000008000018500000000000079340005000000000001666
08200002000000000008000018510000000000091940005000000000001931
08200002000000000008000018520000000000104050005000000000002185
08200002000000000008000018530000000000058880005000000000001237
08200002000000000008000018540000000000052480005000000000001102
08200002000000000008000018550000000000057270005000000000001203
08200002000000000008000018560000000000119880005000000000002517
08200002000000000008000018570000000000133760005000000000002809
08200002000000000008000018580000000000117110005000000000002459
08200002000000000008000018590000000000126450005000000000002655
08200002000000000008000018600000000000286030005000000000006007
08200002000000000008000018610000000000186280005000000000003912
08200002000000000008000018620000000000352310005000000000007399
08200002000000000008000018630000000000105790005000000000002221
08200002000000000008000018640000000000153930005000000000003232
08200002000000000008000018650000000000025290005000000000000531
08200002000000000008000018660000000000195870005000000000004113
08200002000000000008000018670000000000195620005000000000004108
08200002000000000008000018680000000000229500005000000000004820
08200002000000000008000018690000000000111820005000000000002348
08200002000000000008000018700000000000072600005000000000001525
08200002000000000008000018710000000000388840005000000000008166
08200002000000000008000018720000000000397770005000000000008353
08200002000000000008000018730000000000204380005000000000004292
08200002000000000008000018740000000000043390005000000000000911
08200002000000000008000018750000000000384710005000000000008079
08200002000000000008000018760000000000052070005000000000001093
08200002000000000008000018770000000000216740005000000000004551
08200002000000000008000018780000000000203310005000000000004269
08200002000000000008000018790000000000086450005000000000001815
08200002000000000008000018800000000000060910005000000000001279
08200002000000000008000018810000000000133880005000000000002812
08200002000000000008000018820000000000029090005000000000000611
08200002000000000008000018830000000000672600005000000000014125
08200002000000000008000018840000000000213180005000000000004477
08200002000000000008000018850000000000219010005000000000004599
08200002000000000008000018860000000000021900005000000000000460
08200002000000000008000018870000000000070660005000000000001484
08200002000000000008000018880000000000403220005000000000008468
08200002000000000008000018890000000000051820005000000000001088
08200002000000000008000018900000000000210620005000000000004423
08200002000000000008000018910000000000206450005000000000004335
08200002000000000008000018920000000000094210005000000000001979
08200002000000000008000018930000000000074380005000000000001562
08200002000000000008000018940000000000082640005000000000001736
08200002000000000008000018950000000000076530005000000000001607
08200002000000000008000018960000000000074380005000000000001562
08200002000000000008000018970000000000114300005000000000002400
08200002000000000008000018980000000000266940005000000000005606
08200002000000000008000018990000000000343760005000000000007219
08200002000000000008000019000000000000078510005000000000001649
08200002000000000008000019010000000000233470005000000000004903
08200002000000000008000019020000000000066940005000000000001406
0820000200000000000800001903000000001,739260005000000000036524
08200002000000000008000019040000000000151160005000000000003174
08200002000000000008000019050000000000035120005000000000000738
08200002000000000008000019060000000000113470005000000000002383
08200002000000000008000019070000000000031200005000000000000655
08200002000000000008000019080000000000242150005000000000005085
08200002000000000008000019090000000000228930005000000000004807
08200002000000000008000019100000000000172930005000000000003632
08200002000000000008000019110000000000121240005000000000002546
08200002000000000008000019120000000000112560005000000000002364
08200002000000000008000019130000000000044710005000000000000939
08200002000000000008000019140000000000181490005000000000003811
08200002000000000008000019150000000000178680005000000000003752
08200002000000000008000019160000000000034710005000000000000729
08200002000000000008000019170000000000057850005000000000001215
08200002000000000008000019180000000000144550005000000000003035
08200002000000000008000019190000000000578800005000000000012155
08200002000000000008000019190000000000225620005000000000004738
08200002000000000008000019200000000000110500005000000000002320
08200002000000000008000019210000000000310080005000000000006512
08200002000000000008000019220000000000167400005000000000003515
08200002000000000008000019230000000000559420005000000000011748
08200002000000000008000019240000000000103800005000000000002180
08200002000000000008000019250000000000344630005000000000007237
08200002000000000008000019260000000000163140005000000000003426
08200002000000000008000019270000000000257270005000000000005403
08200002000000000008000019280000000000049090005000000000001031
08200002000000000008000019290000000000248020005000000000005208
08200002000000000008000019300000000000730500005000000000015340
08200002000000000008000019310000000000243800005000000000005120
08200002000000000008000019320000000000061360005000000000001289
08200002000000000008000019330000000000072730005000000000001527
08200002000000000008000019340000000000260740005000000000005476
08200002000000000008000019350000000000283680005000000000005957
08200002000000000008000019360000000000101240005000000000002126
08200002000000000008000019370000000000133880005000000000002812
08200002000000000008000019380000000000542980005000000000011402
08200002000000000008000019390000000000301650005000000000006335
08200002000000000008000019400000000000304960005000000000006404
08200002000000000008000019410000000000160120005000000000003363
08200002000000000008000019420000000000217150005000000000004560
08200002000000000008000019430000000000152480005000000000003202
08200002000000000008000019440000000000144960005000000000003044
08200002000000000008000019450000000000082400005000000000001730
08200002000000000008000019460000000000196030005000000000004117
08200002000000000008000019470000000000288430005000000000006057
08200002000000000008000019480000000000114050005000000000002395
08200002000000000008000019490000000000145040005000000000003046
08200002000000000008000019500000000000396690005000000000008331
08200002000000000008000019510000000000105370005000000000002213
08200002000000000008000019520000000000024380005000000000000512
08200002000000000008000019530000000000175540005000000000003686
08200002000000000008000019540000000000697150005000000000014640
08200002000000000008000019550000000000185120005000000000003888
08200002000000000008000019560000000000320700005000000000006735
08200002000000000008000019570000000000133880005000000000002812
08200002000000000008000019580000000000034630005000000000000727
08200002000000000008000019590000000000128180005000000000002692
08200002000000000008000019600000000000049420005000000000001038
08200002000000000008000019610000000000383220005000000000008048
08200002000000000008000019620000000000051650005000000000001085
08200002000000000008000019630000000000055450005000000000001165
08200002000000000008000019640000000000080990005000000000001701
08200002000000000008000019650000000000069830005000000000001467
08200002000000000008000019660000000000165290005000000000003471
08200002000000000008000019670000000000471070005000000000009893
08200002000000000008000019680000000000242310005000000000005089
08200002000000000008000019690000000000167640005000000000003521
08200002000000000008000019700000000000442020005000000000009283
08200002000000000008000019710000000000039260005000000000000824
08200002000000000008000019720000000000029750005000000000000625
08200002000000000008000019730000000000078510005000000000001649
08200002000000000008000019740000000000267770005000000000005623
08200002000000000008000019750000000000297520005000000000006248
08200002000000000008000019760000000000023140005000000000000486
08200002000000000008000019760000000000145790005000000000003061
08200002000000000008000019780000000000081400005000000000001710
08200002000000000008000019790000000000277190005000000000005821
08200002000000000008000019800000000000252070005000000000005293
08200002000000000008000019810000000000184710005000000000003879
08200002000000000008000019820000000000087190005000000000001831
08200002000000000008000019830000000000058260005000000000001224
08200002000000000008000019840000000000533060005000000000011194
08200002000000000008000019850000000000285330005000000000005992
08200002000000000008000019860000000000118510005000000000002489
08200002000000000008000019870000000000436360005000000000009164
08200002000000000008000019880000000000366940005000000000007706
08200002000000000008000019890000000000131740005000000000002766
08200002000000000008000019900000000000359500005000000000007550
08200002000000000008000019910000000000168180005000000000003532
08200002000000000008000019920000000000397730005000000000008352
08200002000000000008000019930000000000355790005000000000007471
08200002000000000008000019940000000000135450005000000000002845
08200002000000000008000019950000000000171900005000000000003610
08200002000000000008000019960000000000386900005000000000008125
08200002000000000008000019970000000000097110005000000000002039
08200002000000000008000019980000000000077480005000000000001627
08200002000000000008000019990000000000228100005000000000004790
08200002000000000008000020000000000000619420005000000000013008
08200002000000000008000020010000000000258930005000000000005437
08200002000000000008000020020000000000035120005000000000000738
08200002000000000008000020030000000000101780005000000000002137
08200002000000000008000020040000000000490580005000000000010302
08200002000000000008000020050000000000295450005000000000006205
08200002000000000008000020060000000000112980005000000000002372
08200002000000000008000020070000000000173550005000000000003645
08200002000000000008000020080000000000057020005000000000001198
08200002000000000008000020090000000000082070005000000000001723
08200002000000000008000020100000000000128260005000000000002694
08200002000000000008000020110000000000033880005000000000000712
08200002000000000008000020120000000000061740005000000000001296
08200002000000000008000020130000000000118140005000000000002481
08200002000000000008000020140000000000346360005000000000007274
08200002000000000008000020150000000000216530005000000000004547
08200002000000000008000020160000000000177730005000000000003732
08200002000000000008000020170000000000247150005000000000005190
08200002000000000008000020180000000000208180005000000000004372
08200002000000000008000020190000000000305790005000000000006421
08200002000000000008000020200000000000104550005000000000002195
08200002000000000008000020210000000000040290005000000000000846
08200002000000000008000020220000000000369960005000000000007769
08200002000000000008000020230000000000054630005000000000001147
08200002000000000008000020240000000000202480005000000000004252
08200002000000000008000020250000000000065410005000000000001374
08200002000000000008000020260000000000080330005000000000001687
08200002000000000008000020270000000000015210005000000000000319
08200002000000000008000020280000000000484010005000000000010164
08200002000000000008000020290000000000375790005000000000007891
08200002000000000008000020300000000000022110005000000000000464
08200002000000000008000020310000000000038640005000000000000811
08200002000000000008000020320000000000077360005000000000001624
08200002000000000008000020330000000000126780005000000000002662
08200002000000000008000020340000000000233020005000000000004893
08200002000000000008000020350000000000200910005000000000004219
08200002000000000008000020360000000000197690005000000000004151
08200002000000000008000020370000000000150830005000000000003167
08200002000000000008000020380000000000260660005000000000005474
08200002000000000008000020390000000000406160005000000000008529
08200002000000000008000020400000000000032640005000000000000686
08200002000000000008000020410000000000262310005000000000005509
08200002000000000008000020420000000000065370005000000000001373
08200002000000000008000020430000000000348390005000000000007316
08200002000000000008000020430000000000691120005000000000014513
08200002000000000008000020440000000000498390005000000000010466
08200002000000000008000020450000000000108100005000000000002270
08200002000000000008000020460000000000022310005000000000000469
08200002000000000008000020470000000000301650005000000000006335
08200002000000000008000020480000000000283470005000000000005953
08200002000000000008000020490000000000306740005000000000006441
08200002000000000008000020500000000000327270005000000000006873
08200002000000000008000020510000000000128930005000000000002707
08200002000000000008000020520000000000172890005000000000003631
08200002000000000008000020530000000000114050005000000000002395
08200002000000000008000020540000000000034630005000000000000727
08200002000000000008000020550000000000089500005000000000001880
08200002000000000008000020560000000000095870005000000000002013
08200002000000000008000020570000000000322560005000000000006774
08200002000000000008000020580000000000026450005000000000000555
08200002000000000008000020590000000000364630005000000000007657
08200002000000000008000020600000000000165290005000000000003471
08200002000000000008000020610000000000010740005000000000000226
08200002000000000008000020620000000000082890005000000000001741
08200002000000000008000020630000000000238680005000000000005012
08200002000000000008000020640000000000094550005000000000001985
08200002000000000008000020650000000000030870005000000000000648
08200002000000000008000020660000000000102150005000000000002145
08200002000000000008000020670000000000470990005000000000009891
08200002000000000008000020680000000000130830005000000000002747
08200002000000000008000020690000000000125450005000000000002635
08200002000000000008000020700000000000225700005000000000004740
08200002000000000008000020710000000000258100005000000000005420
08200002000000000008000020720000000000164960005000000000003464
08200002000000000008000020730000000000136860005000000000002874
08200002000000000008000020740000000000132230005000000000002777
08200002000000000008000020750000000000090080005000000000001892
08200002000000000008000020760000000000333800005000000000007010
08200002000000000008000020770000000000164050005000000000003445
08200002000000000008000020780000000000137890005000000000002896
08200002000000000008000020790000000000132400005000000000002780
08200002000000000008000020800000000000276860005000000000005814
08200002000000000008000020810000000000113310005000000000002379
08200002000000000008000020820000000000140990005000000000002961
08200002000000000008000020830000000000244300005000000000005130
08200002000000000008000020840000000000219830005000000000004617
08200002000000000008000020850000000000024420005000000000000513
08200002000000000008000020860000000000041320005000000000000868
08200002000000000008000020870000000000023140005000000000000486
08200002000000000008000020880000000000204550005000000000004295
08200002000000000008000020890000000000123970005000000000002603
08200002000000000008000020900000000000273220005000000000005738
08200002000000000008000020910000000000751940005000000000015791
08200002000000000008000020900000000000273390005000000000005741
08200002000000000008000020910000000000407020005000000000008548
08200002000000000008000020920000000000361650005000000000007595
08200002000000000008000020930000000000079170005000000000001663
08200002000000000008000020940000000000164050005000000000003445
08200002000000000008000020970000000000259790005000000000005456
08200002000000000008000020990000000000048510005000000000001019
08200002000000000008000021020000000000003220005000000000000068
08200002000000000008000020950000000000003220005000000000000068
08200002000000000008000020950000000000003220005000000000000068
08200002000000000008000020970000000000155410005000000000003264
08200002000000000008000020980000000000119010005000000000002499
08200002000000000008000020990000000000228260005000000000004794
08200002000000000008000021000000000000451240005000000000009476
08200002000000000008000021010000000000113220005000000000002378
08200002000000000008000021020000000000374050005000000000007855
08200002000000000008000021030000000000152070005000000000003193
08200002000000000008000021040000000000254790005000000000005351
08200002000000000008000021050000000000322310005000000000006769
08200002000000000008000021060000000000104960005000000000002204
08200002000000000008000021070000000000076530005000000000001607
08200002000000000008000021080000000000121240005000000000002546
08200002000000000008000021090000000000562930005000000000011822
08200002000000000008000021100000000000353720005000000000007428
08200002000000000008000021110000000000146780005000000000003082
08200002000000000008000021120000000000195040005000000000004096
08200002000000000008000021130000000000190500005000000000004000
08200002000000000008000021140000000000089260005000000000001874
08200002000000000008000021150000000000028510005000000000000599
08200002000000000008000021160000000000167520005000000000003518
08200002000000000008000021170000000000169960005000000000003569
08200002000000000008000021180000000000049590005000000000001041
08200002000000000008000021190000000000107440005000000000002256
08200002000000000008000021200000000000104210005000000000002189
08200002000000000008000021210000000000026030005000000000000547
08200002000000000008000021220000000000033140005000000000000696
08200002000000000008000021230000000000510330005000000000010717
08200002000000000008000021250000000000742480005000000000015592
08200002000000000008000021250000000000438840005000000000009216
08200002000000000008000021260000000000214050005000000000004495
08200002000000000008000021270000000000093800005000000000001970
08200002000000000008000021280000000000099170005000000000002083
08200002000000000008000021290000000000300790005000000000006316
08200002000000000008000021300000000000046280005000000000000972
08200002000000000008000021310000000000036280005000000000000762
08200002000000000008000021310000000000003220005000000000000068
08200002000000000008000021320000000000222310005000000000004669
08200002000000000008000021330000000000031400005000000000000660
08200002000000000008000021340000000000142150005000000000002985
08200002000000000008000021350000000000025830005000000000000542
08200002000000000008000021360000000000180990005000000000003801
08200002000000000008000021370000000000230000005000000000004830
08200002000000000008000021380000000000029750005000000000000625
08200002000000000008000021390000000000073310005000000000001539
08200002000000000008000021400000000000152890005000000000003211
08200002000000000008000021410000000000255910005000000000005374
08200002000000000008000021420000000000034960005000000000000734
08200002000000000008000021430000000000031650005000000000000665
08200002000000000008000021440000000000092560005000000000001944
08200002000000000008000021450000000000049170005000000000001033
08200002000000000008000021460000000000059830005000000000001257
