08200002000000000000000003900000000000124010005000000000002604
08200002000000000000000003910000000000213100005000000000004475
08200002000000000000000003920000000000126280005000000000002652
08200002000000000000000003930000000000223390005000000000004691
08200002000000000000000003940000000000077890005000000000001636
08200002000000000000000003950000000000234630005000000000004927
08200002000000000000000003960000000000075170005000000000001578
08200002000000000000000003970000000000110000005000000000002312
08200002000000000000000003980000000000196690005000000000004131
08200002000000000000000003990000000000306610005000000000006439
08200002000000000000000004000000000000126120005000000000002648
08200002000000000000000004010000000000111570005000000000002343
08200002000000000000000004020000000000138220005000000000002903
08200002000000000000000004030000000000414960005000000000008714
08200002000000000000000004040000000000190370005000000000003998
08200002000000000000000004050000000000035120005000000000000738
08200002000000000000000004060000000000085990005000000000001806
08200002000000000000000004080000000000269420005000000000005658
08200002000000000000000004090000000000206780005000000000004342
08200002000000000000000004100000000000133880005000000000002812
08200002000000000000000004110000000000163220005000000000003428
08200002000000000000000004120000000000097230005000000000002042
08200002000000000000000004130000000000150830005000000000003167
08200002000000000000000004140000000000068840005000000000001446
08200002000000000000000004150000000000037190005000000000000781
08200002000000000000000004160000000000081740005000000000001716
08200002000000000000000004170000000000294170005000000000006178
08200002000000000000000004180000000000217020005000000000004558
08200002000000000000000004190000000000040500005000000000000850
08200002000000000000000004200000000000495910005000000000010414
08200002000000000000000004210000000000222890005000000000004681
08200002000000000000000004220000000000240290005000000000005046
08200002000000000000000004230000000000393640005000000000008266
08200002000000000000000004240000000000231320005000000000004858
08200002000000000000000004250000000000119750005000000000002515
08200002000000000000000004260000000000105580005000000000002217
08200002000000000000000004270000000000367770005000000000007723
08200002000000000000000004280000000000290910005000000000006109
08200002000000000000000004290000000000717360005000000000015064
08200002000000000000000004300000000000348760005000000000007324
08200002000000000000000004310000000000038720005000000000000813
08200002000000000000000004320000000000165290005000000000003471
08200002000000000000000004330000000000213640005000000000004486
08200002000000000000000004340000000000200830005000000000004217
08200002000000000000000004350000000000404050005000000000008485
08200002000000000000000004360000000000261160005000000000005484
08200002000000000000000004370000000000183800005000000000003860
08200002000000000000000004380000000000161400005000000000003390
08200002000000000000000004390000000000170700005000000000003585
08200002000000000000000004400000000000140910005000000000002959
08200002000000000000000004410000000000382020005000000000008023
08200002000000000000000004420000000000343140005000000000007206
08200002000000000000000004430000000000121160005000000000002544
08200002000000000000000004440000000000509090005000000000010691
08200002000000000000000004450000000000068600005000000000001440
08200002000000000000000004460000000000078760005000000000001654
08200002000000000000000004470000000000039670005000000000000833
08200002000000000000000004480000000000138020005000000000002898
08200002000000000000000004490000000000450330005000000000009457
08200002000000000000000004500000000000107440005000000000002256
08200002000000000000000004510000000000115700005000000000002430
08200002000000000000000004520000000000109090005000000000002291
08200002000000000000000004530000000000181280005000000000003807
08200002000000000000000004540000000000137600005000000000002890
08200002000000000000000004550000000000478350005000000000010045
08200002000000000000000004560000000000135120005000000000002838
08200002000000000000000004570000000000233350005000000000004900
08200002000000000000000004580000000000239460005000000000005029
08200002000000000000000004590000000000178350005000000000003745
08200002000000000000000004600000000000266120005000000000005588
08200002000000000000000004610000000000022480005000000000000472
08200002000000000000000004620000000000286360005000000000006014
08200002000000000000000004630000000000094300005000000000001980
08200002000000000000000004640000000000209090005000000000004391
08200002000000000000000004650000000000186280005000000000003912
08200002000000000000000004660000000000700660005000000000014714
08200002000000000000000004670000000000180410005000000000003789
08200002000000000000000004680000000000217270005000000000004563
08200002000000000000000004690000000000247600005000000000005200
08200002000000000000000004700000000000180990005000000000003801
08200002000000000000000004710000000000169340005000000000003556
08200002000000000000000004720000000000350830005000000000007367
08200002000000000000000004730000000000301650005000000000006335
08200002000000000000000004740000000000100370005000000000002108
08200002000000000000000004750000000000616280005000000000012942
08200002000000000000000004760000000000311980005000000000006552
08200002000000000000000004770000000000158880005000000000003337
08200002000000000000000004780000000000126450005000000000002655
08200002000000000000000004790000000000575990005000000000012096
08200002000000000000000004800000000000326450005000000000006855
08200002000000000000000004810000000000127930005000000000002687
08200002000000000000000004820000000000551980005000000000011592
08200002000000000000000004830000000000369420005000000000007758
08200002000000000000000004840000000000285120005000000000005988
08200002000000000000000004850000000000430450005000000000009040
08200002000000000000000004860000000000195830005000000000004112
08200002000000000000000004870000000000391900005000000000008230
08200002000000000000000004880000000000072730005000000000001527
08200002000000000000000004890000000000286200005000000000006010
08200002000000000000000004900000000000283640005000000000005956
08200002000000000000000004910000000000195870005000000000004113
08200002000000000000000004920000000000059500005000000000001250
08200002000000000000000004930000000000141070005000000000002963
08200002000000000000000004940000000000067770005000000000001423
08200002000000000000000004950000000000120660005000000000002534
08200002000000000000000004960000000000246450005000000000005175
08200002000000000000000004970000000000431400005000000000009060
08200002000000000000000004980000000000146690005000000000003081
08200002000000000000000004990000000000776450005000000000016305
08200002000000000000000005000000000000056860005000000000001194
08200002000000000000000005010000000000502890005000000000010561
08200002000000000000000005020000000000132230005000000000002777
08200002000000000000000005030000000000253220005000000000005318
08200002000000000000000005040000000000627270005000000000013173
08200002000000000000000005050000000000162810005000000000003419
08200002000000000000000005060000000000220660005000000000004634
08200002000000000000000005070000000000116690005000000000002451
08200002000000000000000005080000000000169090005000000000003551
08200002000000000000000005090000000000176030005000000000003697
08200002000000000000000005100000000000031570005000000000000663
08200002000000000000000005110000000000067520005000000000001418
08200002000000000000000005120000000000146530005000000000003077
08200002000000000000000005130000000000092070005000000000001933
08200002000000000000000005140000000000215700005000000000004530
08200002000000000000000005150000000000338640005000000000007111
08200002000000000000000005160000000000058260005000000000001224
08200002000000000000000005170000000000300000005000000000006302
08200002000000000000000005180000000000166820005000000000003503
08200002000000000000000005190000000000607020005000000000012748
08200002000000000000000005200000000000339260005000000000007124
08200002000000000000000005210000000000024790005000000000000521
08200002000000000000000005220000000000074880005000000000001572
08200002000000000000000005230000000000175120005000000000003678
08200002000000000000000005240000000000334710005000000000007029
08200002000000000000000005250000000000204550005000000000004295
08200002000000000000000005260000000000246940005000000000005186
08200002000000000000000005270000000000349670005000000000007343
08200002000000000000000005280000000000446280005000000000009372
08200002000000000000000005290000000000136940005000000000002876
08200002000000000000000005300000000000452890005000000000009511
08200002000000000000000005310000000000711740005000000000014946
08200002000000000000000005320000000000024790005000000000000521
08200002000000000000000005330000000000385120005000000000008088
08200002000000000000000005340000000000640000005000000000013440
08200002000000000000000005350000000000234750005000000000004930
08200002000000000000000005360000000000121900005000000000002560
08200002000000000000000005370000000000166120005000000000003488
08200002000000000000000005380000000000337560005000000000007089
08200002000000000000000005390000000000099170005000000000002083
08200002000000000000000005400000000000039670005000000000000833
08200002000000000000000005410000000000164880005000000000003462
08200002000000000000000005420000000000391570005000000000008223
08200002000000000000000005430000000000098350005000000000002065
08200002000000000000000005440000000000016200005000000000000340
08200002000000000000000005450000000000578510005000000000012149
08200002000000000000000005460000000000161160005000000000003384
08200002000000000000000005470000000000310410005000000000006519
08200002000000000000000005480000000000728180005000000000015292
08200002000000000000000005490000000000265700005000000000005580
08200002000000000000000005500000000000460450005000000000009670
08200002000000000000000005510000000000285330005000000000005992
08200002000000000000000005520000000000069670005000000000001463
08200002000000000000000005530000000000252480005000000000005302
08200002000000000000000005540000000000327150005000000000006870
08200002000000000000000005550000000000040910005000000000000859
08200002000000000000000005560000000000472480005000000000009922
08200002000000000000000005570000000000055290005000000000001161
08200002000000000000000005580000000000369210005000000000007754
08200002000000000000000005590000000000047850005000000000001005
08200002000000000000000005600000000000394210005000000000008279
08200002000000000000000005610000000000112400005000000000002360
08200002000000000000000005620000000000099170005000000000002083
08200002000000000000000005630000000000153310005000000000003219
08200002000000000000000005640000000000082230005000000000001727
08200002000000000000000005650000000000476030005000000000009997
08200002000000000000000005660000000000163140005000000000003426
08200002000000000000000005670000000000252400005000000000005300
08200002000000000000000005680000000000267190005000000000005611
08200002000000000000000005690000000000424380005000000000008912
08200002000000000000000005700000000000393390005000000000008261
08200002000000000000000005710000000000167600005000000000003520
08200002000000000000000005720000000000014050005000000000000295
08200002000000000000000005730000000000361980005000000000007602
08200002000000000000000005740000000000191280005000000000004017
08200002000000000000000005750000000000329340005000000000006916
08200002000000000000000005760000000000466120005000000000009788
08200002000000000000000005770000000000565290005000000000011871
08200002000000000000000005780000000000217770005000000000004573
08200002000000000000000005790000000000315620005000000000006628
08200002000000000000000005800000000000261980005000000000005502
08200002000000000000000005810000000000164210005000000000003449
08200002000000000000000005820000000000235870005000000000004953
08200002000000000000000005830000000000072730005000000000001527
08200002000000000000000005840000000000752020005000000000015793
08200002000000000000000005850000000000231490005000000000004861
08200002000000000000000005860000000000225700005000000000004740
08200002000000000000000005870000000000119830005000000000002517
08200002000000000000000005880000000000196240005000000000004121
08200002000000000000000005890000000000149340005000000000003136
08200002000000000000000005900000000000079710005000000000001674
08200002000000000000000005910000000000187850005000000000003945
08200002000000000000000005920000000000283880005000000000005962
08200002000000000000000005930000000000101400005000000000002130
08200002000000000000000005940000000000249710005000000000005244
08200002000000000000000005950000000000208100005000000000004370
08200002000000000000000005960000000000178100005000000000003740
08200002000000000000000005970000000000365620005000000000007678
08200002000000000000000005980000000000065040005000000000001366
08200002000000000000000005990000000000513880005000000000010792
08200002000000000000000006000000000000277770005000000000005833
08200002000000000000000006010000000000140990005000000000002961
08200002000000000000000006020000000000096690005000000000002031
08200002000000000000000006030000000000271070005000000000005693
08200002000000000000000006040000000000143720005000000000003018
08200002000000000000000006050000000000082480005000000000001732
08200002000000000000000006060000000000071070005000000000001493
08200002000000000000000006070000000000131980005000000000002772
08200002000000000000000006080000000000167890005000000000003526
08200002000000000000000006090000000000294670005000000000006188
08200002000000000000000006100000000000176030005000000000003697
08200002000000000000000006110000000000216120005000000000004538
08200002000000000000000006120000000000042640005000000000000896
08200002000000000000000006130000000000174380005000000000003662
08200002000000000000000006140000000000227270005000000000004773
08200002000000000000000006150000000000049590005000000000001041
08200002000000000000000006160000000000090250005000000000001895
08200002000000000000000006170000000000125620005000000000002638
08200002000000000000000006180000000000160290005000000000003366
08200002000000000000000006190000000000241320005000000000005068
08200002000000000000000006200000000000217360005000000000004564
08200002000000000000000006210000000000119960005000000000002519
08200002000000000000000006220000000000068600005000000000001440
08200002000000000000000006230000000000449260005000000000009434
08200002000000000000000006240000000000047110005000000000000989
08200002000000000000000006250000000000059590005000000000001251
08200002000000000000000006260000000000003220005000000000000068
08200002000000000000000006270000000000125410005000000000002634
08200002000000000000000006280000000000742400005000000000015590
08200002000000000000000006290000000000109630005000000000002302
08200002000000000000000006300000000000204960005000000000004304
08200002000000000000000006310000000000058760005000000000001234
08200002000000000000000006320000000000419960005000000000008819
08200002000000000000000006330000000000047110005000000000000989
08200002000000000000000006340000000000186200005000000000003910
08200002000000000000000006350000000000112810005000000000002369
08200002000000000000000006360000000000337190005000000000007081
08200002000000000000000006370000000000080250005000000000001685
08200002000000000000000006380000000000158550005000000000003330
08200002000000000000000006390000000000178180005000000000003742
08200002000000000000000006400000000000060830005000000000001277
08200002000000000000000006410000000000177400005000000000003725
08200002000000000000000006420000000000364460005000000000007654
08200002000000000000000006430000000000050910005000000000001069
08200002000000000000000006440000000000067190005000000000001411
08200002000000000000000006450000000000043390005000000000000911
08200002000000000000000006460000000000076280005000000000001602
08200002000000000000000006470000000000532230005000000000011177
08200002000000000000000006480000000000067690005000000000001421
08200002000000000000000006490000000000660620005000000000013873
08200002000000000000000006500000000000098760005000000000002074
08200002000000000000000006510000000000062150005000000000001305
08200002000000000000000006520000000000234880005000000000004932
08200002000000000000000006530000000000368600005000000000007740
08200002000000000000000006540000000000135120005000000000002838
08200002000000000000000006550000000000240660005000000000005054
08200002000000000000000006560000000000402310005000000000008449
08200002000000000000000006570000000000048350005000000000001015
08200002000000000000000006580000000000190000005000000000003992
08200002000000000000000006590000000000126360005000000000002654
08200002000000000000000006600000000000187600005000000000003940
08200002000000000000000006610000000000523290005000000000010989
08200002000000000000000006620000000000126780005000000000002662
08200002000000000000000006630000000000253720005000000000005328
08200002000000000000000006640000000000357020005000000000007498
08200002000000000000000006650000000000248930005000000000005227
08200002000000000000000006660000000000436400005000000000009165
08200002000000000000000006670000000000086120005000000000001808
08200002000000000000000006680000000000062730005000000000001317
08200002000000000000000006690000000000148260005000000000003114
08200002000000000000000006700000000000576860005000000000012114
08200002000000000000000006710000000000648840005000000000013626
08200002000000000000000006720000000000066490005000000000001396
08200002000000000000000006730000000000188430005000000000003957
08200002000000000000000006740000000000123970005000000000002603
08200002000000000000000006750000000000126450005000000000002655
08200002000000000000000006760000000000195040005000000000004096
08200002000000000000000006770000000000776280005000000000016302
08200002000000000000000006780000000000123970005000000000002603
08200002000000000000000006790000000000089260005000000000001874
08200002000000000000000006800000000000166610005000000000003499
08200002000000000000000006810000000000048880005000000000001027
08200002000000000000000006820000000000040910005000000000000859
08200002000000000000000006830000000000795370005000000000016703
08200002000000000000000006850000000000228100005000000000004790
08200002000000000000000006860000000000094210005000000000001979
08200002000000000000000006870000000000202070005000000000004243
08200002000000000000000006880000000000315250005000000000006620
08200002000000000000000006890000000000198350005000000000004165
08200002000000000000000006900000000000084300005000000000001770
08200002000000000000000006910000000000120330005000000000002527
08200002000000000000000006920000000000053550005000000000001125
08200002000000000000000006930000000000656200005000000000013780
08200002000000000000000006940000000000246900005000000000005185
08200002000000000000000006950000000000638840005000000000013416
08200002000000000000000006960000000000233840005000000000004911
08200002000000000000000006970000000000218930005000000000004597
08200002000000000000000006980000000000096120005000000000002018
08200002000000000000000006990000000000125620005000000000002638
08200002000000000000000007000000000000069790005000000000001466
08200002000000000000000007010000000000155500005000000000003265
08200002000000000000000007020000000000282150005000000000005925
08200002000000000000000007030000000000616530005000000000012947
08200002000000000000000007040000000000088840005000000000001866
08200002000000000000000007050000000000187190005000000000003931
08200002000000000000000007060000000000054550005000000000001145
08200002000000000000000007070000000000100500005000000000002110
08200002000000000000000007080000000000322310005000000000006769
08200002000000000000000007090000000000142150005000000000002985
08200002000000000000000007100000000000670660005000000000014084
08200002000000000000000007110000000000022400005000000000000470
08200002000000000000000007120000000000095000005000000000001995
08200002000000000000000007130000000000088020005000000000001848
08200002000000000000000007140000000000115700005000000000002430
08200002000000000000000007150000000000365540005000000000007676
08200002000000000000000007160000000000086780005000000000001822
08200002000000000000000007170000000000261160005000000000005484
08200002000000000000000007180000000000049090005000000000001031
08200002000000000000000007190000000000074790005000000000001571
08200002000000000000000007200000000000018350005000000000000385
08200002000000000000000007210000000000328930005000000000006907
08200002000000000000000007220000000000310500005000000000006520
08200002000000000000000007230000000000496360005000000000010424
08200002000000000000000007240000000000630580005000000000013242
08200002000000000000000007250000000000311740005000000000006546
08200002000000000000000007260000000000137190005000000000002881
08200002000000000000000007270000000000064300005000000000001350
08200002000000000000000007280000000000090910005000000000001909
08200002000000000000000007290000000000154590005000000000003246
08200002000000000000000007300000000000175210005000000000003679
08200002000000000000000007310000000000206860005000000000004344
08200002000000000000000007320000000000096780005000000000002032
08200002000000000000000007330000000000673840005000000000014151
08200002000000000000000007340000000000252890005000000000005311
08200002000000000000000007350000000000123140005000000000002586
08200002000000000000000007360000000000155370005000000000003263
08200002000000000000000007370000000000198350005000000000004165
08200002000000000000000007380000000000200250005000000000004205
08200002000000000000000007390000000000400000005000000000008400
08200002000000000000000007400000000000559750005000000000011755
08200002000000000000000007410000000000020660005000000000000434
08200002000000000000000007420000000000241160005000000000005064
08200002000000000000000007430000000000116030005000000000002437
08200002000000000000000007440000000000057850005000000000001215
08200002000000000000000007450000000000024790005000000000000521
08200002000000000000000007460000000000505790005000000000010621
08200002000000000000000007470000000000213840005000000000004491
08200002000000000000000007480000000000020990005000000000000441
08200002000000000000000007490000000000732640005000000000015386
08200002000000000000000007500000000000209710005000000000004404
08200002000000000000000007510000000000038930005000000000000817
08200002000000000000000007520000000000085620005000000000001798
08200002000000000000000007530000000000087850005000000000001845
08200002000000000000000007540000000000163640005000000000003436
08200002000000000000000007550000000000067770005000000000001423
08200002000000000000000007560000000000101650005000000000002135
08200002000000000000000007570000000000288430005000000000006057
08200002000000000000000007580000000000130410005000000000002739
08200002000000000000000007590000000000041820005000000000000878
08200002000000000000000007600000000000072560005000000000001524
08200002000000000000000007610000000000247110005000000000005189
08200002000000000000000007620000000000144710005000000000003039
08200002000000000000000007630000000000075870005000000000001593
08200002000000000000000007640000000000029460005000000000000619
08200002000000000000000007650000000000134790005000000000002831
08200002000000000000000007660000000000024790005000000000000521
08200002000000000000000007670000000000251160005000000000005274
08200002000000000000000007680000000000549170005000000000011533
08200002000000000000000007690000000000190000005000000000003992
08200002000000000000000007700000000000574380005000000000012062
08200002000000000000000007710000000000218680005000000000004592
08200002000000000000000007720000000000138840005000000000002916
08200002000000000000000007730000000000364090005000000000007646
08200002000000000000000007740000000000066120005000000000001388
08200002000000000000000007750000000000200410005000000000004209
08200002000000000000000007760000000000245870005000000000005163
08200002000000000000000007770000000000159090005000000000003341
08200002000000000000000007780000000000047110005000000000000989
08200002000000000000000007790000000000108840005000000000002286
08200002000000000000000007800000000000042640005000000000000896
08200002000000000000000007810000000000094630005000000000001987
08200002000000000000000007820000000000071320005000000000001498
08200002000000000000000007830000000000170330005000000000003577
08200002000000000000000007840000000000088220005000000000001853
08200002000000000000000007850000000000054310005000000000001140
08200002000000000000000007860000000000152480005000000000003202
08200002000000000000000007870000000000164880005000000000003462
08200002000000000000000007880000000000208840005000000000004386
08200002000000000000000007890000000000079010005000000000001659
08200002000000000000000007900000000000301650005000000000006335
08200002000000000000000007910000000000049170005000000000001033
08200002000000000000000007920000000000270330005000000000005677
08200002000000000000000007930000000000016740005000000000000351
08200002000000000000000007940000000000071900005000000000001510
08200002000000000000000007950000000000104300005000000000002190
08200002000000000000000007960000000000142520005000000000002993
08200002000000000000000007970000000000051240005000000000001076
08200002000000000000000007980000000000506610005000000000010639
08200002000000000000000007990000000000076030005000000000001597
08200002000000000000000008000000000000097310005000000000002044
08200002000000000000000008010000000000152230005000000000003197
08200002000000000000000008020000000000116280005000000000002442
08200002000000000000000008030000000000373550005000000000007845
08200002000000000000000008040000000000333970005000000000007013
08200002000000000000000008050000000000157850005000000000003315
08200002000000000000000008060000000000069010005000000000001449
08200002000000000000000008070000000000039670005000000000000833
08200002000000000000000008080000000000069130005000000000001452
08200002000000000000000008090000000000031400005000000000000660
08200002000000000000000008100000000000121490005000000000002551
08200002000000000000000008110000000000086530005000000000001817
08200002000000000000000008120000000000245740005000000000005161
08200002000000000000000008130000000000041320005000000000000868
08200002000000000000000008140000000000083880005000000000001762
08200002000000000000000008150000000000105370005000000000002213
08200002000000000000000008160000000000162640005000000000003416
08200002000000000000000008170000000000158680005000000000003332
08200002000000000000000008180000000000054550005000000000001145
08200002000000000000000008190000000000425620005000000000008938
08200002000000000000000008200000000000069670005000000000001463
08200002000000000000000008210000000000164880005000000000003462
08200002000000000000000008220000000000194170005000000000004078
08200002000000000000000008230000000000009920005000000000000208
08200002000000000000000008240000000000090910005000000000001909
08200002000000000000000008250000000000202310005000000000004249
08200002000000000000000008260000000000104300005000000000002190
08200002000000000000000008270000000000389670005000000000008183
08200002000000000000000008280000000000062810005000000000001319
08200002000000000000000008290000000000027270005000000000000573
08200002000000000000000008300000000000032230005000000000000677
08200002000000000000000008310000000000069880005000000000001467
08200002000000000000000008320000000000609920005000000000012808
08200002000000000000000008330000000000238840005000000000005016
08200002000000000000000008340000000000039920005000000000000838
08200002000000000000000008350000000000045120005000000000000948
08200002000000000000000008360000000000032190005000000000000676
08200002000000000000000008370000000000237230005000000000004982
08200002000000000000000008380000000000520660005000000000010934
08200002000000000000000008390000000000524790005000000000011021
08200002000000000000000008400000000000020660005000000000000434
08200002000000000000000008410000000000288430005000000000006057
08200002000000000000000008420000000000244630005000000000005137
08200002000000000000000008430000000000035950005000000000000755
08200002000000000000000008440000000000050410005000000000001059
08200002000000000000000008450000000000148760005000000000003124
08200002000000000000000008460000000000252070005000000000005293
08200002000000000000000008470000000000448350005000000000009415
08200002000000000000000008480000000000202480005000000000004252
08200002000000000000000008490000000000400910005000000000008419
08200002000000000000000008500000000000023880005000000000000502
08200002000000000000000008510000000000179340005000000000003766
08200002000000000000000008520000000000341980005000000000007182
08200002000000000000000008530000000000058840005000000000001236
08200002000000000000000008540000000000016690005000000000000351
08200002000000000000000008550000000000456200005000000000009580
08200002000000000000000008570000000000031240005000000000000656
08200002000000000000000008580000000000054880005000000000001152
08200002000000000000000008590000000000165290005000000000003471
08200002000000000000000008600000000000193140005000000000004056
08200002000000000000000008610000000000210830005000000000004427
08200002000000000000000008620000000000086780005000000000001822
08200002000000000000000008560000000000242150005000000000005085
08200002000000000000000008630000000000132640005000000000002786
08200002000000000000000008640000000000173550005000000000003645
08200002000000000000000008650000000000290410005000000000006099
08200002000000000000000008660000000000225620005000000000004738
08200002000000000000000008670000000000031400005000000000000660
08200002000000000000000008680000000000179050005000000000003760
08200002000000000000000008690000000000247930005000000000005207
08200002000000000000000008700000000000235540005000000000004946
08200002000000000000000008710000000000153880005000000000003232
08200002000000000000000008720000000000085950005000000000001805
08200002000000000000000008730000000000083970005000000000001763
08200002000000000000000008740000000000097190005000000000002041
08200002000000000000000008750000000000439920005000000000009238
08200002000000000000000008760000000000637810005000000000013394
08200002000000000000000008770000000000107440005000000000002256
08200002000000000000000008780000000000313220005000000000006578
08200002000000000000000008790000000000108680005000000000002282
08200002000000000000000008800000000000489670005000000000010283
08200002000000000000000008810000000000215120005000000000004518
08200002000000000000000008820000000000183970005000000000003863
08200002000000000000000008830000000000242980005000000000005102
08200002000000000000000008840000000000090500005000000000001900
08200002000000000000000008850000000000054550005000000000001145
08200002000000000000000008860000000000028970005000000000000608
08200002000000000000000008870000000000403510005000000000008474
08200002000000000000000008880000000000056200005000000000001180
08200002000000000000000008890000000000198350005000000000004165
08200002000000000000000008900000000000017770005000000000000373
08200002000000000000000008910000000000256200005000000000005380
08200002000000000000000008920000000000044420005000000000000933
08200002000000000000000008930000000000171030005000000000003592
08200002000000000000000008940000000000103260005000000000002169
08200002000000000000000008950000000000264630005000000000005557
08200002000000000000000008960000000000280290005000000000005886
08200002000000000000000008970000000000231070005000000000004853
08200002000000000000000008980000000000554380005000000000011642
08200002000000000000000008990000000000091240005000000000001916
08200002000000000000000009000000000000283470005000000000005953
08200002000000000000000009010000000000153720005000000000003228
08200002000000000000000009020000000000050870005000000000001068
08200002000000000000000009030000000000307110005000000000006449
08200002000000000000000009040000000000471490005000000000009901
08200002000000000000000009050000000000118600005000000000002490
08200002000000000000000009060000000000058930005000000000001237
08200002000000000000000009070000000000035540005000000000000746
08200002000000000000000009080000000000121740005000000000002556
08200002000000000000000009090000000000275790005000000000005791
08200002000000000000000009100000000000214710005000000000004509
08200002000000000000000009110000000000444630005000000000009337
08200002000000000000000009120000000000160580005000000000003372
08200002000000000000000009130000000000235540005000000000004946
08200002000000000000000009140000000000044460005000000000000934
08200002000000000000000009150000000000402640005000000000008456
08200002000000000000000009160000000000112310005000000000002359
08200002000000000000000009170000000000072310005000000000001519
08200002000000000000000009180000000000105790005000000000002221
08200002000000000000000009190000000000153720005000000000003228
08200002000000000000000009200000000000014050005000000000000295
08200002000000000000000009210000000000197850005000000000004155
08200002000000000000000009220000000000347110005000000000007289
08200002000000000000000009230000000000080330005000000000001687
08200002000000000000000009240000000000071490005000000000001501
08200002000000000000000009250000000000417360005000000000008764
08200002000000000000000009260000000000061980005000000000001302
08200002000000000000000009270000000000047110005000000000000989
08200002000000000000000009280000000000409590005000000000008601
08200002000000000000000009290000000000314880005000000000006612
08200002000000000000000009300000000000028720005000000000000603
08200002000000000000000009310000000000161160005000000000003384
08200002000000000000000009320000000000170330005000000000003577
08200002000000000000000009330000000000042730005000000000000897
08200002000000000000000009340000000000532190005000000000011176
08200002000000000000000009350000000000023140005000000000000486
08200002000000000000000009360000000000043470005000000000000913
08200002000000000000000009370000000000239130005000000000005022
08200002000000000000000009380000000000119010005000000000002499
08200002000000000000000009390000000000327440005000000000006876
08200002000000000000000009400000000000138840005000000000002916
08200002000000000000000009410000000000014050005000000000000295
08200002000000000000000009420000000000158680005000000000003332
08200002000000000000000009430000000000224790005000000000004721
08200002000000000000000009440000000000197850005000000000004155
08200002000000000000000009450000000000277690005000000000005831
08200002000000000000000009460000000000300000005000000000006302
08200002000000000000000009470000000000550000005000000000011550
08200002000000000000000009480000000000624790005000000000013121
08200002000000000000000009490000000000107110005000000000002249
08200002000000000000000009500000000000598760005000000000012574
08200002000000000000000009520000000000231400005000000000004860
08200002000000000000000009530000000000363060005000000000007624
08200002000000000000000009540000000000268140005000000000005631
08200002000000000000000009550000000000399670005000000000008393
08200002000000000000000009560000000000042890005000000000000901
08200002000000000000000009570000000000584710005000000000012279
08200002000000000000000009580000000000310740005000000000006526
08200002000000000000000009590000000000120660005000000000002534
08200002000000000000000009600000000000217190005000000000004561
08200002000000000000000009610000000000587190005000000000012331
08200002000000000000000009620000000000514880005000000000010812
08200002000000000000000009630000000000099170005000000000002083
08200002000000000000000009640000000000505700005000000000010620
08200002000000000000000009650000000000105790005000000000002221
08200002000000000000000009660000000000174170005000000000003658
08200002000000000000000009670000000000037600005000000000000790
08200002000000000000000009680000000000064880005000000000001362
08200002000000000000000009690000000000219830005000000000004617
08200002000000000000000009710000000000185950005000000000003905
08200002000000000000000009720000000000080990005000000000001701
08200002000000000000000009730000000000153880005000000000003232
08200002000000000000000009740000000000025120005000000000000528
08200002000000000000000009750000000000041740005000000000000876
08200002000000000000000009760000000000605210005000000000012709
08200002000000000000000009770000000000123970005000000000002603
08200002000000000000000009780000000000163880005000000000003442
08200002000000000000000009790000000000132560005000000000002784
08200002000000000000000009800000000000216660005000000000004550
08200002000000000000000009810000000000079090005000000000001661
08200002000000000000000009820000000000477440005000000000010026
08200002000000000000000009830000000000281610005000000000005914
08200002000000000000000009840000000000368180005000000000007732
08200002000000000000000009850000000000735370005000000000015443
08200002000000000000000009860000000000161900005000000000003400
08200002000000000000000009870000000000249460005000000000005239
08200002000000000000000009880000000000061160005000000000001284
08100002000000000000000009890000000000431400005000000000009060
08200002000000000000000009900000000000059500005000000000001250
08200002000000000000000009910000000000123140005000000000002586
08200002000000000000000009920000000000353220005000000000007418
08200002000000000000000009930000000000079130005000000000001662
08200002000000000000000009940000000000108260005000000000002274
08200002000000000000000009950000000000029010005000000000000609
08200002000000000000000009960000000000193800005000000000004070
08200002000000000000000009970000000000073760005000000000001549
08200002000000000000000009980000000000160660005000000000003374
08200002000000000000000009990000000000172730005000000000003627
08200002000000000000000010000000000000044380005000000000000932
08200002000000000000000010010000000000054550005000000000001145
08200002000000000000000010020000000000073310005000000000001539
08200002000000000000000010030000000000054300005000000000001140
08200002000000000000000010040000000000212190005000000000004456
08200002000000000000000010050000000000346860005000000000007284
08200002000000000000000010060000000000037190005000000000000781
08200002000000000000000010070000000000046030005000000000000967
08200002000000000000000010090000000000054550005000000000001145
08200002000000000000000010100000000000119830005000000000002517
08200002000000000000000010110000000000275170005000000000005778
08200002000000000000000010120000000000096690005000000000002031
08200002000000000000000010130000000000179420005000000000003768
08200002000000000000000010140000000000030580005000000000000642
08200002000000000000000010150000000000053720005000000000001128
08200002000000000000000010160000000000138840005000000000002916
08200002000000000000000010170000000000215830005000000000004532
08200002000000000000000010180000000000036780005000000000000772
08200002000000000000000010190000000000108260005000000000002274
08200002000000000000000010200000000000209750005000000000004405
08200002000000000000000010210000000000323220005000000000006788
08200002000000000000000010220000000000752640005000000000015806
08200002000000000000000010230000000000209920005000000000004408
08200002000000000000000010240000000000680990005000000000014301
08200002000000000000000010250000000000158680005000000000003332
08200002000000000000000010260000000000354380005000000000007442
08200002000000000000000010270000000000117360005000000000002464
08200002000000000000000010280000000000030580005000000000000642
08200002000000000000000010290000000000284630005000000000005977
08200002000000000000000010300000000000118180005000000000002482
08200002000000000000000010310000000000068600005000000000001440
08200002000000000000000010320000000000282640005000000000005936
08200002000000000000000010330000000000024790005000000000000521
08200002000000000000000010340000000000074550005000000000001565
08200002000000000000000010350000000000246690005000000000005181
08200002000000000000000010360000000000421160005000000000008844
08200002000000000000000010370000000000139500005000000000002930
08200002000000000000000010380000000000033260005000000000000699
08200002000000000000000010390000000000170580005000000000003582
08200002000000000000000010410000000000092270005000000000001938
08200002000000000000000010420000000000092150005000000000001935
08200002000000000000000010430000000000249590005000000000005241
08200002000000000000000010440000000000253880005000000000005332
08200002000000000000000010450000000000306030005000000000006427
08200002000000000000000010460000000000239340005000000000005026
08200002000000000000000010470000000000050990005000000000001071
08200002000000000000000010480000000000024380005000000000000512
08200002000000000000000010490000000000066570005000000000001398
08200002000000000000000010500000000000091160005000000000001914
08200002000000000000000010510000000000099170005000000000002083
08200002000000000000000010520000000000099670005000000000002093
08200002000000000000000010530000000000209090005000000000004391
08200002000000000000000010540000000000219710005000000000004614
08200002000000000000000010550000000000207020005000000000004348
08200002000000000000000010560000000000024010005000000000000504
08200002000000000000000010570000000000194340005000000000004081
08200002000000000000000010580000000000187190005000000000003931
08200002000000000000000010590000000000441900005000000000009280
08200002000000000000000010600000000000131070005000000000002753
08200002000000000000000010610000000000245620005000000000005158
08200002000000000000000010620000000000187600005000000000003940
08200002000000000000000010630000000000044630005000000000000937
08200002000000000000000010640000000000413880005000000000008692
08200002000000000000000010650000000000247930005000000000005207
08200002000000000000000010660000000000083470005000000000001753
08200002000000000000000010670000000000527710005000000000011082
08200002000000000000000010680000000000776360005000000000016304
08200002000000000000000010690000000000249500005000000000005240
08200002000000000000000010700000000000109920005000000000002308
08200002000000000000000010710000000000167110005000000000003509
08200002000000000000000010720000000000099550005000000000002090
08200002000000000000000010730000000000019260005000000000000404
08200002000000000000000010740000000000190660005000000000004004
08200002000000000000000010750000000000016530005000000000000347
08200002000000000000000010760000000000076030005000000000001597
08200002000000000000000010770000000000186120005000000000003908
08200002000000000000000010780000000000063720005000000000001338
08200002000000000000000010790000000000114050005000000000002395
08200002000000000000000010800000000000110700005000000000002325
08200002000000000000000010810000000000425740005000000000008941
08200002000000000000000010820000000000185950005000000000003905
08200002000000000000000010830000000000072310005000000000001519
08200002000000000000000010840000000000059670005000000000001253
08200002000000000000000010850000000000029210005000000000000614
08200002000000000000000010860000000000154380005000000000003242
08200002000000000000000010870000000000056360005000000000001184
08200002000000000000000010880000000000070660005000000000001484
08200002000000000000000010890000000000120250005000000000002525
08200002000000000000000010900000000000743800005000000000015620
08200002000000000000000010910000000000353310005000000000007419
08200002000000000000000010920000000000030910005000000000000649
08200002000000000000000010930000000000710580005000000000014922
08200002000000000000000010940000000000124790005000000000002621
08200002000000000000000010950000000000185540005000000000003896
08200002000000000000000010960000000000066120005000000000001388
08200002000000000000000010970000000000083470005000000000001753
08200002000000000000000010980000000000088060005000000000001849
08200002000000000000000010990000000000327520005000000000006878
08200002000000000000000011000000000000195040005000000000004096
08200002000000000000000011010000000000096690005000000000002031
08200002000000000000000011020000000000102150005000000000002145
08200002000000000000000011030000000000392230005000000000008237
08200002000000000000000011040000000000170950005000000000003590
08200002000000000000000011050000000000074380005000000000001562
08200002000000000000000011060000000000094630005000000000001987
08200002000000000000000011070000000000102560005000000000002154
08200002000000000000000011080000000000040740005000000000000856
08200002000000000000000011090000000000191820005000000000004028
08200002000000000000000011100000000000136940005000000000002876
08200002000000000000000011110000000000017930005000000000000377
08200002000000000000000011120000000000177360005000000000003724
08200002000000000000000011130000000000026690005000000000000561
08200002000000000000000011140000000000030170005000000000000633
08200002000000000000000011150000000000037190005000000000000781
08200002000000000000000011160000000000075330005000000000001582
08200002000000000000000011170000000000248930005000000000005227
08200002000000000000000011180000000000261490005000000000005491
08200002000000000000000011190000000000067770005000000000001423
08200002000000000000000011200000000000186400005000000000003915
08200002000000000000000011210000000000183470005000000000003853
08200002000000000000000011220000000000123390005000000000002591
08200002000000000000000011230000000000037190005000000000000781
08200002000000000000000011240000000000228930005000000000004807
08200002000000000000000011250000000000042730005000000000000897
08200002000000000000000011260000000000095080005000000000001997
08200002000000000000000011270000000000320660005000000000006734
08200002000000000000000011280000000000120170005000000000002523
08200002000000000000000011290000000000122850005000000000002580
08200002000000000000000011300000000000368930005000000000007747
08200002000000000000000011310000000000217770005000000000004573
08200002000000000000000011320000000000040000005000000000000842
08200002000000000000000011330000000000120790005000000000002536
08200002000000000000000011340000000000136280005000000000002862
08200002000000000000000011350000000000114050005000000000002395
08200002000000000000000011360000000000515790005000000000010831
08200002000000000000000011370000000000056980005000000000001197
08200002000000000000000011380000000000028510005000000000000599
08200002000000000000000011390000000000102150005000000000002145
08200002000000000000000011400000000000011570005000000000000243
08200002000000000000000011410000000000023640005000000000000496
08200002000000000000000011420000000000284790005000000000005981
08200002000000000000000011430000000000083880005000000000001762
08200002000000000000000011440000000000176030005000000000003697
08200002000000000000000011450000000000020870005000000000000438
08200002000000000000000011460000000000026740005000000000000561
08200002000000000000000011470000000000322230005000000000006767
08200002000000000000000011480000000000785950005000000000016505
08200002000000000000000011490000000000049590005000000000001041
08200002000000000000000011500000000000045870005000000000000963
08200002000000000000000011510000000000330910005000000000006949
08200002000000000000000011520000000000150450005000000000003160
08200002000000000000000011530000000000509920005000000000010708
08200002000000000000000011540000000000129750005000000000002725
08200002000000000000000011550000000000191980005000000000004032
08200002000000000000000011560000000000049590005000000000001041
08200002000000000000000011570000000000481980005000000000010122
08200002000000000000000011580000000000180740005000000000003796
08200002000000000000000011590000000000306860005000000000006444
08200002000000000000000011600000000000034500005000000000000725
08200002000000000000000011610000000000296360005000000000006224
08200002000000000000000011620000000000041820005000000000000878
08200002000000000000000011630000000000182310005000000000003829
08200002000000000000000011640000000000026610005000000000000559
08200002000000000000000011650000000000492980005000000000010352
08200002000000000000000011660000000000105370005000000000002213
08200002000000000000000011670000000000062480005000000000001312
08200002000000000000000011680000000000074790005000000000001571
08200002000000000000000011690000000000665580005000000000013977
08200002000000000000000011700000000000234420005000000000004923
08200002000000000000000011710000000000089260005000000000001874
08200002000000000000000011720000000000020330005000000000000427
08200002000000000000000011730000000000344090005000000000007226
08200002000000000000000011740000000000146530005000000000003077
08200002000000000000000011750000000000381820005000000000008018
08200002000000000000000011760000000000117600005000000000002470
08200002000000000000000011770000000000045620005000000000000958
08200002000000000000000011780000000000187360005000000000003934
08200002000000000000000011790000000000053970005000000000001133
08200002000000000000000011810000000000066120005000000000001388
08200002000000000000000011820000000000180000005000000000003780
08200002000000000000000011830000000000019830005000000000000417
08200002000000000000000011840000000000060000005000000000001260
08200002000000000000000011850000000000146450005000000000003075
08200002000000000000000011860000000000166610005000000000003499
08200002000000000000000011870000000000185120005000000000003888
08200002000000000000000011880000000000045450005000000000000955
08200002000000000000000011890000000000095040005000000000001996
08200002000000000000000011900000000000062400005000000000001310
08200002000000000000000011910000000000099170005000000000002083
08200002000000000000000011920000000000069420005000000000001458
08200002000000000000000011930000000000083470005000000000001753
08200002000000000000000011940000000000123140005000000000002586
08200002000000000000000011950000000000377270005000000000007923
08200002000000000000000011960000000000187980005000000000003947
08200002000000000000000011970000000000317770005000000000006673
08200002000000000000000011980000000000061980005000000000001302
08200002000000000000000011990000000000180740005000000000003796
08200002000000000000000012000000000000091070005000000000001913
08200002000000000000000012010000000000380170005000000000007983
08200002000000000000000012020000000000164050005000000000003445
08200002000000000000000012030000000000104960005000000000002204
08200002000000000000000012040000000000561980005000000000011802
08200002000000000000000012050000000000396120005000000000008318
08200002000000000000000012060000000000184710005000000000003879
08200002000000000000000012070000000000041160005000000000000864
08200002000000000000000012080000000000086780005000000000001822
08200002000000000000000012090000000000318600005000000000006690
08200002000000000000000012100000000000111240005000000000002336
08200002000000000000000012110000000000070000005000000000001472
08200002000000000000000012120000000000080870005000000000001698
08200002000000000000000012130000000000266900005000000000005605
08200002000000000000000012140000000000110620005000000000002323
08200002000000000000000012150000000000174790005000000000003671
08200002000000000000000012160000000000119090005000000000002501
08200002000000000000000012170000000000142150005000000000002985
08200002000000000000000012180000000000170830005000000000003587
08200002000000000000000012190000000000028680005000000000000602
08200002000000000000000012200000000000125620005000000000002638
08200002000000000000000012210000000000152890005000000000003211
08200002000000000000000012220000000000279420005000000000005868
08200002000000000000000012230000000000277690005000000000005831
08200002000000000000000012240000000000048350005000000000001015
08200002000000000000000012250000000000057850005000000000001215
08200002000000000000000012260000000000317360005000000000006664
08200002000000000000000012270000000000498020005000000000010458
08200002000000000000000012280000000000241900005000000000005080
08200002000000000000000012290000000000037640005000000000000791
08200002000000000000000012300000000000347520005000000000007298
08200002000000000000000012310000000000083640005000000000001756
08200002000000000000000012320000000000079010005000000000001659
08200002000000000000000012330000000000068600005000000000001440
08200002000000000000000012340000000000057600005000000000001210
08200002000000000000000012350000000000216030005000000000004537
08200002000000000000000012360000000000300000005000000000006300
08200002000000000000000012370000000000441320005000000000009268
08200002000000000000000012380000000000272310005000000000005719
08200002000000000000000012390000000000080990005000000000001701
08200002000000000000000012400000000000601650005000000000012635
08200002000000000000000012410000000000167270005000000000003513
08200002000000000000000012420000000000192150005000000000004035
08200002000000000000000012430000000000400910005000000000008419
08200002000000000000000012440000000000024790005000000000000521
08200002000000000000000012450000000000087110005000000000001829
08200002000000000000000012460000000000208260005000000000004374
08200002000000000000000012470000000000053020005000000000001113
08200002000000000000000012480000000000108510005000000000002279
08200002000000000000000012490000000000279170005000000000005863
08200002000000000000000012500000000000104300005000000000002190
08200002000000000000000012510000000000236360005000000000004964
08200002000000000000000012520000000000013640005000000000000286
08200002000000000000000012530000000000137600005000000000002890
08200002000000000000000012540000000000026120005000000000000548
08200002000000000000000012550000000000078930005000000000001657
08200002000000000000000012560000000000200330005000000000004207
08200002000000000000000012570000000000046940005000000000000986
08200002000000000000000012580000000000028100005000000000000590
08200002000000000000000012590000000000070580005000000000001482
08200002000000000000000012600000000000159300005000000000003345
08200002000000000000000012610000000000335540005000000000007046
08200002000000000000000012620000000000128180005000000000002692
08200002000000000000000012630000000000018260005000000000000384
08200002000000000000000012640000000000121160005000000000002544
08200002000000000000000012650000000000059550005000000000001250
08200002000000000000000012660000000000123970005000000000002603
08200002000000000000000012670000000000054550005000000000001145
08200002000000000000000012680000000000349090005000000000007331
08200002000000000000000012690000000000052190005000000000001096
08200002000000000000000012700000000000147930005000000000003107
08200002000000000000000012710000000000055790005000000000001171
08200002000000000000000012720000000000212810005000000000004469
08200002000000000000000012730000000000405330005000000000008512
08200002000000000000000012740000000000242150005000000000005085
08200002000000000000000012750000000000071490005000000000001501
08200002000000000000000012760000000000123970005000000000002603
08200002000000000000000012770000000000112400005000000000002360
08200002000000000000000012780000000000023140005000000000000486
08200002000000000000000012790000000000277690005000000000005831
08200002000000000000000012800000000000039670005000000000000833
08200002000000000000000012810000000000059500005000000000001250
08200002000000000000000012820000000000192560005000000000004044
08200002000000000000000012830000000000356780005000000000007492
08200002000000000000000012840000000000292560005000000000006144
08200002000000000000000012850000000000271070005000000000005693
08200002000000000000000012860000000000189090005000000000003971
08200002000000000000000012870000000000165830005000000000003482
08200002000000000000000012880000000000057020005000000000001198
08200002000000000000000012890000000000003220005000000000000068
08200002000000000000000012900000000000025120005000000000000528
08200002000000000000000012910000000000033720005000000000000708
08200002000000000000000012920000000000162480005000000000003412
08200002000000000000000012930000000000244880005000000000005142
08200002000000000000000012950000000000214880005000000000004512
08200002000000000000000012960000000000082770005000000000001738
08200002000000000000000012970000000000009920005000000000000208
08200002000000000000000012980000000000026490005000000000000556
08200002000000000000000012990000000000078180005000000000001642
08200002000000000000000013000000000000467770005000000000009823
08200002000000000000000013010000000000351900005000000000007390
08200002000000000000000013020000000000199340005000000000004186
08200002000000000000000013030000000000209920005000000000004408
08200002000000000000000013040000000000046450005000000000000975
08200002000000000000000013050000000000025080005000000000000527
08200002000000000000000013060000000000316940005000000000006656
08200002000000000000000013070000000000149500005000000000003140
08200002000000000000000013080000000000520660005000000000010934
08200002000000000000000013090000000000028260005000000000000594
08200002000000000000000013100000000000227190005000000000004771
08200002000000000000000013110000000000037190005000000000000781
08200002000000000000000013120000000000071650005000000000001505
08200002000000000000000013130000000000239670005000000000005033
08200002000000000000000013140000000000074380005000000000001562
08200002000000000000000013150000000000011820005000000000000248
08200002000000000000000013160000000000226070005000000000004748
08200002000000000000000013170000000000184710005000000000003879
08200002000000000000000013180000000000020660005000000000000434
08200002000000000000000013190000000000029750005000000000000625
08200002000000000000000013200000000000227270005000000000004773
08200002000000000000000013210000000000077690005000000000001631
08200002000000000000000013220000000000011280005000000000000237
08200002000000000000000013230000000000007150005000000000000150
08200002000000000000000013240000000000254550005000000000005345
08200002000000000000000013250000000000674790005000000000014171
08200002000000000000000013260000000000161570005000000000003393
08200002000000000000000013270000000000191740005000000000004026
08200002000000000000000013280000000000595870005000000000012513
08200002000000000000000013290000000000160250005000000000003365
08200002000000000000000013300000000000031400005000000000000660
08200002000000000000000013310000000000115700005000000000002430
08200002000000000000000013320000000000190990005000000000004011
08200002000000000000000013330000000000125450005000000000002635
08200002000000000000000013340000000000260330005000000000005467
08200002000000000000000013350000000000041740005000000000000876
08200002000000000000000013360000000000229750005000000000004825
08200002000000000000000013370000000000202520005000000000004253
08200002000000000000000013380000000000117360005000000000002464
08200002000000000000000013390000000000570410005000000000011979
08200002000000000000000013400000000000087600005000000000001840
08200002000000000000000013410000000000073140005000000000001536
08200002000000000000000013420000000000374960005000000000007874
08200002000000000000000013430000000000202480005000000000004252
08200002000000000000000013440000000000361160005000000000007584
08200002000000000000000013450000000000096690005000000000002031
08200002000000000000000013460000000000236030005000000000004957
08200002000000000000000013470000000000100500005000000000002110
08200002000000000000000013480000000000319420005000000000006708
08200002000000000000000013490000000000578510005000000000012149
08200002000000000000000013500000000000213220005000000000004478
08200002000000000000000013510000000000469500005000000000009860
08200002000000000000000013520000000000165910005000000000003484
08200002000000000000000013530000000000238020005000000000004998
08200002000000000000000013540000000000412230005000000000008657
08200002000000000000000013550000000000371320005000000000007798
08200002000000000000000013560000000000216940005000000000004556
08200002000000000000000013570000000000022890005000000000000481
08200002000000000000000013580000000000026030005000000000000547
08200002000000000000000013590000000000168350005000000000003535
08200002000000000000000013600000000000054880005000000000001152
08200002000000000000000013610000000000441320005000000000009268
08200002000000000000000013620000000000705580005000000000014817
08200002000000000000000013630000000000130170005000000000002733
08200002000000000000000013640000000000044050005000000000000925
08200002000000000000000013650000000000124790005000000000002621
08200002000000000000000013660000000000056030005000000000001177
08200002000000000000000013670000000000038840005000000000000816
08200002000000000000000013680000000000268180005000000000005632
08200002000000000000000013700000000000003220005000000000000068
08200002000000000000000013710000000000003220005000000000000068
08200002000000000000000013690000000000003220005000000000000068
08200002000000000000000013720000000000003220005000000000000068
08200002000000000000000013730000000000204670005000000000004298
08200002000000000000000013740000000000177110005000000000003719
08200002000000000000000013750000000000078510005000000000001649
08200002000000000000000013760000000000034630005000000000000727
08200002000000000000000013770000000000467190005000000000009811
08200002000000000000000013780000000000192270005000000000004038
08200002000000000000000013790000000000022730005000000000000477
08200002000000000000000013800000000000057730005000000000001212
08200002000000000000000013810000000000282640005000000000005936
08200002000000000000000013820000000000142150005000000000002985
08200002000000000000000013830000000000149710005000000000003144
08200002000000000000000013840000000000165950005000000000003485
08200002000000000000000013850000000000179420005000000000003768
08200002000000000000000013860000000000034960005000000000000734
08200002000000000000000013870000000000167270005000000000003513
08200002000000000000000013880000000000246940005000000000005186
08200002000000000000000013890000000000000000005000000000001680
08200002000000000000000013900000000000092360005000000000001939
08200002000000000000000013910000000000052520005000000000001103
08200002000000000000000013920000000000157020005000000000003298
08200002000000000000000013930000000000124210005000000000002609
08200002000000000000000013940000000000335370005000000000007043
08200002000000000000000013950000000000130990005000000000002751
08200002000000000000000013960000000000166030005000000000003487
08200002000000000000000013970000000000168760005000000000003544
08200002000000000000000013980000000000251070005000000000005273
08200002000000000000000013990000000000077690005000000000001631
08200002000000000000000014000000000000178760005000000000003754
08200002000000000000000014010000000000156450005000000000003285
08200002000000000000000014020000000000036780005000000000000772
08200002000000000000000014030000000000061980005000000000001302
08200002000000000000000014040000000000021490005000000000000451
08200002000000000000000014050000000000061160005000000000001284
08200002000000000000000014060000000000163310005000000000003429
08200002000000000000000014070000000000344210005000000000007229
08200002000000000000000014080000000000176690005000000000003711
08200002000000000000000014090000000000094130005000000000001977
08200002000000000000000014100000000000035210005000000000000739
08200002000000000000000014110000000000035120005000000000000738
08200002000000000000000014120000000000043930005000000000000922
08200002000000000000000014130000000000060000005000000000001262
08200002000000000000000014140000000000146200005000000000003070
08200002000000000000000014150000000000640330005000000000013447
08200002000000000000000014160000000000103310005000000000002169
08200002000000000000000014170000000000240330005000000000005047
08200002000000000000000014180000000000134380005000000000002822
08200002000000000000000014190000000000116030005000000000002437
08200002000000000000000014200000000000109090005000000000002291
08200002000000000000000014210000000000150540005000000000003161
08200002000000000000000014220000000000219830005000000000004617
08200002000000000000000014230000000000687600005000000000014440
08200002000000000000000014240000000000091360005000000000001919
08200002000000000000000014250000000000122730005000000000002577
08200002000000000000000014260000000000165450005000000000003475
08200002000000000000000014270000000000049590005000000000001041
08200002000000000000000014280000000000044630005000000000000937
08200002000000000000000014290000000000088640005000000000001861
08200002000000000000000014300000000000068680005000000000001442
08200002000000000000000014310000000000097850005000000000002055
08200002000000000000000014320000000000024790005000000000000521
08200002000000000000000014330000000000067360005000000000001414
08200002000000000000000014340000000000063350005000000000001330
08200002000000000000000014350000000000155370005000000000003263
08200002000000000000000014360000000000197520005000000000004148
08200002000000000000000014370000000000484670005000000000010178
08200002000000000000000014380000000000232150005000000000004875
08200002000000000000000014390000000000264830005000000000005562
08200002000000000000000014400000000000135540005000000000002846
08200002000000000000000014410000000000173140005000000000003636
08200002000000000000000014420000000000029170005000000000000613
08200002000000000000000014430000000000045370005000000000000953
08200002000000000000000014440000000000057400005000000000001205
08200002000000000000000014450000000000092980005000000000001952
08200002000000000000000014460000000000489170005000000000010273
08200002000000000000000014470000000000438840005000000000009216
08200002000000000000000014480000000000136530005000000000002867
08200002000000000000000014490000000000201780005000000000004237
08200002000000000000000014500000000000328930005000000000006907
08200002000000000000000014510000000000321070005000000000006743
08200002000000000000000014520000000000482640005000000000010136
08200002000000000000000014530000000000057850005000000000001215
08200002000000000000000014540000000000062730005000000000001317
08200002000000000000000014550000000000049590005000000000001041
08200002000000000000000014560000000000026030005000000000000547
08200002000000000000000014570000000000206860005000000000004344
08200002000000000000000014580000000000424960005000000000008924
08200002000000000000000014590000000000135540005000000000002846
08200002000000000000000014600000000000043640005000000000000916
08200002000000000000000014610000000000047930005000000000001007
08200002000000000000000014620000000000127440005000000000002676
08200002000000000000000014630000000000476450005000000000010005
08200002000000000000000014640000000000202480005000000000004252
08200002000000000000000014650000000000206780005000000000004342
08200002000000000000000014660000000000338840005000000000007116
08200002000000000000000014670000000000088840005000000000001866
08200002000000000000000014680000000000244210005000000000005129
08200002000000000000000014690000000000297520005000000000006248
08200002000000000000000014700000000000425210005000000000008929
08200002000000000000000014710000000000059500005000000000001250
08200002000000000000000014720000000000443800005000000000009320
08200002000000000000000014730000000000312400005000000000006560
08200002000000000000000014740000000000348880005000000000007327
08200002000000000000000014750000000000352070005000000000007393
08200002000000000000000014760000000000128100005000000000002690
08200002000000000000000014770000000000087110005000000000001829
08200002000000000000000014780000000000209920005000000000004408
08200002000000000000000014790000000000172810005000000000003629
08200002000000000000000014800000000000118930005000000000002497
08200002000000000000000014810000000000205580005000000000004317
08200002000000000000000014820000000000389170005000000000008173
08200002000000000000000014830000000000181070005000000000003803
08200002000000000000000014840000000000082640005000000000001736
08200002000000000000000014850000000000015290005000000000000321
08200002000000000000000014860000000000031400005000000000000660
08200002000000000000000014870000000000062310005000000000001309
08200002000000000000000014880000000000343800005000000000007220
08200002000000000000000014890000000000050400005000000000001058
08200002000000000000000014900000000000297520005000000000006248
08200002000000000000000014910000000000221240005000000000004646
08200002000000000000000014920000000000037190005000000000000781
08200002000000000000000014930000000000036820005000000000000773
08200002000000000000000014940000000000051240005000000000001076
08200002000000000000000014950000000000430170005000000000009033
08200002000000000000000014960000000000100830005000000000002117
08200002000000000000000014970000000000086610005000000000001819
08200002000000000000000014980000000000264460005000000000005554
08200002000000000000000014990000000000023970005000000000000503
08200002000000000000000015000000000000047150005000000000000990
08200002000000000000000015010000000000114050005000000000002395
08200002000000000000000015020000000000226030005000000000004747
08200002000000000000000015030000000000192440005000000000004041
08200002000000000000000015040000000000061980005000000000001302
08200002000000000000000015050000000000485950005000000000010205
08200002000000000000000015060000000000397930005000000000008357
08200002000000000000000015070000000000039260005000000000000824
08200002000000000000000015080000000000076030005000000000001597
08200002000000000000000015090000000000076780005000000000001612
08200002000000000000000015100000000000134960005000000000002834
08200002000000000000000015110000000000031400005000000000000660
08200002000000000000000015120000000000435170005000000000009138
08200002000000000000000015130000000000206610005000000000004339
08200002000000000000000015140000000000209790005000000000004406
08200002000000000000000015150000000000129170005000000000002713
08200002000000000000000015160000000000081400005000000000001710
08200002000000000000000015170000000000123970005000000000002603
08200002000000000000000015180000000000188350005000000000003955
08200002000000000000000015190000000000239670005000000000005033
08200002000000000000000015200000000000297520005000000000006248
08200002000000000000000015210000000000138430005000000000002907
08200002000000000000000015220000000000128930005000000000002707
08200002000000000000000015230000000000123970005000000000002603
08200002000000000000000015240000000000074380005000000000001562
08200002000000000000000015250000000000342150005000000000007185
08200002000000000000000015260000000000079880005000000000001677
08200002000000000000000015270000000000044210005000000000000929
08200002000000000000000015280000000000100660005000000000002114
08200002000000000000000015290000000000018020005000000000000378
08200002000000000000000015300000000000205120005000000000004308
08200002000000000000000015310000000000127600005000000000002680
08200002000000000000000015320000000000026860005000000000000564
08200002000000000000000015330000000000288350005000000000006055
08200002000000000000000015340000000000033180005000000000000697
08200002000000000000000015350000000000298760005000000000006274
08200002000000000000000015360000000000015290005000000000000321
08200002000000000000000015370000000000041980005000000000000882
08200002000000000000000015380000000000097480005000000000002047
08200002000000000000000015390000000000653720005000000000013728
08200002000000000000000015400000000000138430005000000000002907
08200002000000000000000015410000000000127690005000000000002681
08200002000000000000000015420000000000520660005000000000010934
08200002000000000000000015430000000000070500005000000000001480
08200002000000000000000015440000000000143800005000000000003020
08200002000000000000000015450000000000196690005000000000004131
08200002000000000000000015460000000000259260005000000000005444
08200002000000000000000015470000000000412400005000000000008660
08200002000000000000000015480000000000047520005000000000000998
08200002000000000000000015490000000000066940005000000000001406
08200002000000000000000015500000000000336360005000000000007064
08200002000000000000000015510000000000415290005000000000008721
08200002000000000000000015520000000000054550005000000000001145
08200002000000000000000015530000000000105790005000000000002221
08200002000000000000000015540000000000257020005000000000005398
08200002000000000000000015550000000000058760005000000000001234
08200002000000000000000015560000000000413220005000000000008678
08200002000000000000000015570000000000025290005000000000000531
08200002000000000000000015580000000000350990005000000000007371
08200002000000000000000015590000000000331900005000000000006970
08200002000000000000000015600000000000035540005000000000000746
08200002000000000000000015610000000000343800005000000000007220
08200002000000000000000015620000000000008260005000000000000174
08200002000000000000000015630000000000578510005000000000012149
08200002000000000000000015640000000000309500005000000000006500
08200002000000000000000015650000000000020000005000000000000420
08200002000000000000000015660000000000090500005000000000001900
08200002000000000000000015670000000000386400005000000000008115
08200002000000000000000015680000000000346940005000000000007286
08200002000000000000000015690000000000050450005000000000001060
08200002000000000000000015700000000000252930005000000000005312
08200002000000000000000015710000000000039260005000000000000824
08200002000000000000000015720000000000648760005000000000013624
08200002000000000000000015730000000000064460005000000000001354
08200002000000000000000015740000000000059500005000000000001250
08200002000000000000000015750000000000666940005000000000014006
08200002000000000000000015760000000000210740005000000000004426
08200002000000000000000015770000000000130250005000000000002735
08200002000000000000000015780000000000118600005000000000002490
08200002000000000000000015790000000000035620005000000000000748
08200002000000000000000015800000000000069750005000000000001465
08200002000000000000000015810000000000104960005000000000002204
08200002000000000000000015820000000000098640005000000000002071
08200002000000000000000015830000000000594340005000000000012481
08200002000000000000000015840000000000052150005000000000001095
08200002000000000000000015850000000000230170005000000000004833
08200002000000000000000015860000000000101570005000000000002133
08200002000000000000000015870000000000120660005000000000002534
08200002000000000000000015880000000000126610005000000000002659
08200002000000000000000015890000000000088430005000000000001857
08200002000000000000000015900000000000404960005000000000008504
08200002000000000000000015910000000000238430005000000000005007
08200002000000000000000015920000000000020660005000000000000434
08200002000000000000000015930000000000053720005000000000001128
08200002000000000000000015940000000000120170005000000000002523
08200002000000000000000015950000000000078930005000000000001657
08200002000000000000000015960000000000578510005000000000012149
08200002000000000000000015970000000000639090005000000000013421
08200002000000000000000015980000000000259090005000000000005441
08200002000000000000000015990000000000143550005000000000003015
08200002000000000000000016000000000000328720005000000000006903
08200002000000000000000016010000000000072810005000000000001529
08200002000000000000000016020000000000167230005000000000003512
08200002000000000000000016030000000000522310005000000000010969
08200002000000000000000016040000000000484710005000000000010179
08200002000000000000000016050000000000558260005000000000011724
08200002000000000000000016060000000000513640005000000000010786
08200002000000000000000016070000000000051240005000000000001076
08200002000000000000000016080000000000093680005000000000001967
08200002000000000000000016090000000000301650005000000000006335
08200002000000000000000016100000000000027270005000000000000573
08200002000000000000000016110000000000719170005000000000015103
08200002000000000000000016120000000000451400005000000000009480
08200002000000000000000016130000000000102810005000000000002159
08200002000000000000000016140000000000071820005000000000001508
08200002000000000000000016150000000000303720005000000000006378
08200002000000000000000016160000000000642980005000000000013502
08200002000000000000000016170000000000290620005000000000006103
08200002000000000000000016180000000000198350005000000000004165
08200002000000000000000016190000000000161570005000000000003393
08200002000000000000000016200000000000214880005000000000004512
08200002000000000000000016210000000000014550005000000000000305
08200002000000000000000016220000000000054130005000000000001137
08200002000000000000000016230000000000173550005000000000003645
08200002000000000000000016240000000000347110005000000000007289
08200002000000000000000016250000000000252070005000000000005293
08200002000000000000000016260000000000142560005000000000002994
08200002000000000000000016270000000000376450005000000000007905
08200002000000000000000016280000000000203060005000000000004264
08200002000000000000000016290000000000266980005000000000005607
08200002000000000000000016300000000000090910005000000000001909
08200002000000000000000016310000000000026610005000000000000559
08200002000000000000000016320000000000665290005000000000013971
08200002000000000000000016330000000000286780005000000000006022
08200002000000000000000016340000000000382640005000000000008036
08200002000000000000000016350000000000351240005000000000007376
08200002000000000000000016360000000000182640005000000000003836
08200002000000000000000016370000000000686200005000000000014410
08200002000000000000000016380000000000098680005000000000002072
08200002000000000000000016390000000000053310005000000000001119
08200002000000000000000016400000000000026780005000000000000562
08200002000000000000000016410000000000436120005000000000009158
08200002000000000000000016420000000000255120005000000000005358
08200002000000000000000016430000000000064630005000000000001357
08200002000000000000000016440000000000172230005000000000003617
08200002000000000000000016450000000000491570005000000000010323
08200002000000000000000016460000000000235120005000000000004938
08200002000000000000000016470000000000413020005000000000008673
08200002000000000000000016480000000000169630005000000000003562
08200002000000000000000016490000000000183470005000000000003853
08200002000000000000000016500000000000311160005000000000006534
08200002000000000000000016510000000000413220005000000000008678
08200002000000000000000016520000000000191320005000000000004018
08200002000000000000000016530000000000015830005000000000000332
08200002000000000000000016540000000000461160005000000000009684
08200002000000000000000016550000000000287640005000000000006041
08200002000000000000000016560000000000037190005000000000000781
08200002000000000000000016570000000000147520005000000000003098
08200002000000000000000016580000000000079260005000000000001664
08200002000000000000000016590000000000323970005000000000006803
08200002000000000000000016600000000000199170005000000000004183
08200002000000000000000016610000000000063720005000000000001338
08200002000000000000000016620000000000405790005000000000008521
08200002000000000000000016630000000000057850005000000000001215
08200002000000000000000016640000000000119750005000000000002515
08200002000000000000000016650000000000180990005000000000003801
08200002000000000000000016660000000000271820005000000000005708
08200002000000000000000016670000000000052730005000000000001107
08200002000000000000000016680000000000008760005000000000000184
08200002000000000000000016690000000000355870005000000000007473
08200002000000000000000016700000000000682230005000000000014327
08200002000000000000000016710000000000128180005000000000002692
08200002000000000000000016720000000000054260005000000000001139
08200002000000000000000016730000000000043390005000000000000911
08200002000000000000000016740000000000219050005000000000004600
08200002000000000000000016750000000000328930005000000000006907
08200002000000000000000016760000000000020660005000000000000434
08200002000000000000000016770000000000158600005000000000003330
08200002000000000000000016780000000000036780005000000000000772
08200002000000000000000016790000000000099170005000000000002083
08200002000000000000000016800000000000408260005000000000008574
08200002000000000000000016810000000000390620005000000000008203
08200002000000000000000016820000000000180790005000000000003796
08200002000000000000000016830000000000066450005000000000001395
08200002000000000000000016840000000000074380005000000000001562
08200002000000000000000016850000000000362640005000000000007616
08200002000000000000000016860000000000017980005000000000000377
08200002000000000000000016870000000000168060005000000000003529
08200002000000000000000016880000000000084050005000000000001765
08200002000000000000000016890000000000118180005000000000002482
08200002000000000000000016900000000000226120005000000000004748
08200002000000000000000016910000000000048180005000000000001012
08200002000000000000000016920000000000267110005000000000005609
08200002000000000000000016930000000000054130005000000000001137
08200002000000000000000016940000000000095250005000000000002000
08200002000000000000000016950000000000016940005000000000000356
08200002000000000000000016960000000000193180005000000000004057
08200002000000000000000016970000000000132640005000000000002786
08200002000000000000000016980000000000021450005000000000000450
08200002000000000000000016990000000000180660005000000000003794
08200002000000000000000017000000000000285950005000000000006005
08200002000000000000000017010000000000214830005000000000004512
08200002000000000000000017020000000000061980005000000000001302
08200002000000000000000017030000000000341940005000000000007181
08200002000000000000000017040000000000098840005000000000002076
08200002000000000000000017050000000000030580005000000000000642
08200002000000000000000017060000000000194670005000000000004088
08200002000000000000000017070000000000048350005000000000001015
08200002000000000000000017080000000000289790005000000000006086
08200002000000000000000017090000000000149710005000000000003144
08200002000000000000000017100000000000090660005000000000001904
08200002000000000000000017110000000000057850005000000000001215
08200002000000000000000017120000000000029880005000000000000627
08200002000000000000000017130000000000134710005000000000002829
08200002000000000000000017140000000000242310005000000000005089
08200002000000000000000017150000000000167270005000000000003513
08200002000000000000000017160000000000267360005000000000005614
08200002000000000000000017170000000000044210005000000000000929
08200002000000000000000017180000000000104710005000000000002199
08200002000000000000000017190000000000049460005000000000001039
08200002000000000000000017200000000000212810005000000000004469
08200002000000000000000017210000000000083140005000000000001746
08200002000000000000000017220000000000151610005000000000003184
08200002000000000000000017230000000000161160005000000000003384
08200002000000000000000017240000000000203970005000000000004283
08200002000000000000000017250000000000129830005000000000002727
08200002000000000000000017260000000000121490005000000000002551
08200002000000000000000017270000000000371940005000000000007811
08200002000000000000000017280000000000105790005000000000002221
08200002000000000000000017290000000000061980005000000000001302
08200002000000000000000017300000000000095450005000000000002005
08200002000000000000000017310000000000647690005000000000013601
08200002000000000000000017320000000000015700005000000000000330
08200002000000000000000017330000000000218550005000000000004590
08200002000000000000000017340000000000153060005000000000003214
08200002000000000000000017350000000000149420005000000000003138
08200002000000000000000017360000000000142190005000000000002986
08200002000000000000000017370000000000106030005000000000002227
08200002000000000000000017380000000000048550005000000000001020
08200002000000000000000017390000000000266940005000000000005606
08200002000000000000000017400000000000057850005000000000001215
08200002000000000000000017410000000000161530005000000000003392
08200002000000000000000017420000000000150910005000000000003169
08200002000000000000000017430000000000081820005000000000001718
08200002000000000000000017440000000000095120005000000000001998
08200002000000000000000017450000000000307850005000000000006465
08200002000000000000000017460000000000456690005000000000009591
08200002000000000000000017470000000000235790005000000000004951
08200002000000000000000017480000000000308840005000000000006486
08200002000000000000000017490000000000056610005000000000001189
08200002000000000000000017500000000000045450005000000000000955
08200002000000000000000017510000000000539050005000000000011320
08200002000000000000000017520000000000171650005000000000003605
08200002000000000000000017530000000000270910005000000000005689
08200002000000000000000017540000000000185950005000000000003905
08200002000000000000000017550000000000237770005000000000004993
08200002000000000000000017560000000000039010005000000000000819
08200002000000000000000017570000000000022400005000000000000470
08200002000000000000000017580000000000429750005000000000009025
08200002000000000000000017590000000000353720005000000000007428
08200002000000000000000017600000000000137520005000000000002888
08200002000000000000000017610000000000223390005000000000004691
08200002000000000000000017620000000000169010005000000000003549
08200002000000000000000017630000000000040910005000000000000859
08200002000000000000000017640000000000172020005000000000003613
08200002000000000000000017650000000000250330005000000000005257
08200002000000000000000017660000000000080500005000000000001690
08200002000000000000000017670000000000499340005000000000010486
08200002000000000000000017680000000000127600005000000000002680
08200002000000000000000017690000000000014710005000000000000309
08200002000000000000000017700000000000265990005000000000005586
