08300002000000000000000000010000000000000010005000000000000000
08300002000000000000000000020000000000090910005000000000001909
08300002000000000000000000030000000000089260005000000000001874
08300002000000000000000000040000000000103310005000000000002169
08300002000000000000000000050000000000262810005000000000005519
08300002000000000000000000060000000000041320005000000000000868
08300002000000000000000000070000000000018180005000000000000382
08300002000000000000000000080000000000285120005000000000005988
08300002000000000000000000090000000000000830005000000000000017
08300002000000000000000000100000000000184300005000000000003870
08300002000000000000000000110000000000078510005000000000001649
08300002000000000000000000120000000000337190005000000000007081
08300002000000000000000000130000000000289260005000000000006074
08300002000000000000000000140000000000707440005000000000014856
08300002000000000000000000150000000000707440005000000000014856
08300002000000000000000000160000000000707440005000000000014856
08300002000000000000000000170000000000707440005000000000014856
08300002000000000000000000180000000000707440005000000000014856
08300002000000000000000000190000000000542980005000000000011402
08300002000000000000000000200000000000231400005000000000004860
08300002000000000000000000210000000000092890005000000000001951
08300002000000000000000000220000000000000830005000000000000017
08300002000000000000000000230000000000185950005000000000003905
08300002000000000000000000240000000000132510005000000000002783
08300002000000000000000000250000000000054040005000000000001135
08300002000000000000000000260000000000497020005000000000010438
08300002000000000000000000270000000000057020005000000000001198
08300002000000000000000000280000000000196270005000000000004122
08300002000000000000000000290000000000395660005000000000008309
08300002000000000000000000300000000000231400005000000000004860
08300002000000000000000000310000000000197930005000000000004157
08300002000000000000000000320000000000130580005000000000002742
08300002000000000000000000330000000000202480005000000000004252
08300002000000000000000000340000000000471900005000000000009910
08300002000000000000000000350000000000027270005000000000000573
08300002000000000000000000360000000000221070005000000000004643
08300002000000000000000000370000000000088020005000000000001848
08300002000000000000000000380000000000162400005000000000003410
08300002000000000000000000390000000000300000005000000000006300
08300002000000000000000000400000000000278720005000000000005853
08300002000000000000000000410000000000112730005000000000002367
08300002000000000000000000420000000000255210005000000000005359
08300002000000000000000000430000000000038840005000000000000816
08300002000000000000000000440000000000013220005000000000000278
08300002000000000000000000450000000000166740005000000000003501
08300002000000000000000000460000000000292020005000000000006133
08300002000000000000000000470000000000201780005000000000004237
08300002000000000000000000480000000000222810005000000000004679
08300002000000000000000000490000000000148100005000000000003110
08300002000000000000000000500000000000394210005000000000008279
08300002000000000000000000510000000000185330005000000000003892
08300002000000000000000000520000000000051650005000000000001085
08300002000000000000000000530000000000205540005000000000004316
08300002000000000000000000540000000000416530005000000000008747
08300002000000000000000000550000000000655370005000000000013763
08300002000000000000000000560000000000058760005000000000001234
08300002000000000000000000570000000000108060005000000000002269
08300002000000000000000000580000000000131160005000000000002754
08300002000000000000000000590000000000065700005000000000001380
08300002000000000000000000600000000000188020005000000000003948
08300002000000000000000000610000000000059340005000000000001246
08300002000000000000000000620000000000206530005000000000004337
08300002000000000000000000630000000000016780005000000000000352
08300002000000000000000000640000000000479830005000000000010077
08300002000000000000000000650000000000263720005000000000005538
08300002000000000000000000660000000000214380005000000000004502
08300002000000000000000000670000000000271320005000000000005698
08300002000000000000000000680000000000359500005000000000007550
08300002000000000000000000690000000000234460005000000000004924
08300002000000000000000000700000000000268430005000000000005637
08300002000000000000000000710000000000265700005000000000005580
08300002000000000000000000720000000000085700005000000000001800
08300002000000000000000000730000000000326360005000000000006854
08300002000000000000000000740000000000445290005000000000009351
08300002000000000000000000750000000000129420005000000000002718
08300002000000000000000000760000000000671900005000000000014110
08300002000000000000000000770000000000155620005000000000003268
08300002000000000000000000780000000000059500005000000000001250
08300002000000000000000000790000000000474380005000000000009962
08300002000000000000000000800000000000057440005000000000001206
08300002000000000000000000810000000000225620005000000000004738
08300002000000000000000000820000000000165290005000000000003471
08300002000000000000000000830000000000274880005000000000005772
08300002000000000000000000840000000000509090005000000000010691
08300002000000000000000000850000000000462560005000000000009714
08300002000000000000000000860000000000656280005000000000013782
08300002000000000000000000870000000000270000005000000000005670
08300002000000000000000000880000000000319010005000000000006699
08300002000000000000000000890000000000404300005000000000008490
08300002000000000000000000900000000000205210005000000000004309
08300002000000000000000000910000000000150580005000000000003162
08300002000000000000000000920000000000048140005000000000001011
08300002000000000000000000930000000000279590005000000000005871
08300002000000000000000000940000000000180250005000000000003785
08300002000000000000000000950000000000071490005000000000001501
08300002000000000000000000960000000000028100005000000000000590
08300002000000000000000000970000000000370250005000000000007775
08300002000000000000000000980000000000250000005000000000005250
08300002000000000000000000990000000000177690005000000000003731
08300002000000000000000001000000000000361980005000000000007602
08300002000000000000000001010000000000505870005000000000010623
08300002000000000000000001020000000000295870005000000000006213
08300002000000000000000001030000000000267070005000000000005608
08300002000000000000000001040000000000056200005000000000001180
08300002000000000000000001050000000000060120005000000000001263
08300002000000000000000001060000000000241160005000000000005064
08300002000000000000000001070000000000141320005000000000002968
08300002000000000000000001080000000000223550005000000000004695
08300002000000000000000001090000000000050830005000000000001067
08300002000000000000000001100000000000072730005000000000001527
08300002000000000000000001110000000000077020005000000000001618
08300002000000000000000001120000000000228680005000000000004802
08300002000000000000000001130000000000215000005000000000004515
08300002000000000000000001140000000000161740005000000000003396
08300002000000000000000001150000000000787270005000000000016533
08300002000000000000000001160000000000038430005000000000000807
08300002000000000000000001170000000000048600005000000000001020
08300002000000000000000001180000000000202230005000000000004247
08300002000000000000000001190000000000062810005000000000001319
08300002000000000000000001200000000000314960005000000000006614
08300002000000000000000001210000000000105870005000000000002223
08300002000000000000000001220000000000049590005000000000001041
08300002000000000000000001230000000000136650005000000000002870
08300002000000000000000001240000000000105370005000000000002213
08300002000000000000000001250000000000436070005000000000009158
08300002000000000000000001260000000000020910005000000000000439
08300002000000000000000001270000000000253650005000000000005327
08300002000000000000000001280000000000019010005000000000000399
08300002000000000000000001290000000000235410005000000000004944
08300002000000000000000001300000000000273510005000000000005744
08300002000000000000000001310000000000171900005000000000003610
08300002000000000000000001320000000000092070005000000000001933
08300002000000000000000001330000000000154130005000000000003237
08300002000000000000000001340000000000060330005000000000001267
08300002000000000000000001350000000000058680005000000000001232
08300002000000000000000001360000000000211160005000000000004434
08300002000000000000000001370000000000099090005000000000002081
08300002000000000000000001380000000000081400005000000000001710
08300002000000000000000001390000000000099170005000000000002083
08300002000000000000000001400000000000229590005000000000004821
08300002000000000000000001410000000000229090005000000000004811
08300002000000000000000001420000000000308260005000000000006474
08300002000000000000000001430000000000082070005000000000001723
08300002000000000000000001440000000000203930005000000000004282
08300002000000000000000001450000000000173550005000000000003645
08300002000000000000000001460000000000016120005000000000000338
08300002000000000000000001470000000000403310005000000000008469
08300002000000000000000001480000000000029420005000000000000618
08300002000000000000000001490000000000117770005000000000002473
08300002000000000000000001500000000000158680005000000000003332
08200002000000000000000000020000000000020000005000000000000420
08100002000000000000000000020000000000016530005000000000000347
08200002000000000000000000020000000000012810005000000000000269
08200002000000000000000000040000000000016530005000000000000347
08200002000000000000000000040000000000006610005000000000000139
08100002000000000000000000040000000000020000005000000000000420
