08200002000000000008000045970000000000150990005000000000003171
08200002000000000008000046110000000000211240005000000000004436
08200002000000000008000046240000000000202890005000000000004261
08200002000000000008000046370000000000093720005000000000001968
08200002000000000008000045850000000000069420005000000000001458
08200002000000000008000045980000000000105790005000000000002221
08200002000000000008000046120000000000096940005000000000002036
08200002000000000008000046250000000000011570005000000000000243
08200002000000000008000046380000000000040910005000000000000859
08200002000000000008000045860000000000452480005000000000009502
08200002000000000008000045990000000000036360005000000000000764
08200002000000000008000046130000000000021980005000000000000462
08200002000000000008000046260000000000046770005000000000000982
08200002000000000008000045870000000000439050005000000000009220
08200002000000000008000046000000000000699170005000000000014683
08200002000000000008000046140000000000041270005000000000000867
08200002000000000008000046270000000000099090005000000000002081
08200002000000000008000045880000000000219500005000000000004610
08200002000000000008000046010000000000064460005000000000001354
08200002000000000008000046150000000000648510005000000000013619
08200002000000000008000046280000000000370080005000000000007772
08200002000000000008000045890000000000020990005000000000000441
08200002000000000008000046020000000000280170005000000000005883
08200002000000000008000046160000000000097520005000000000002048
08200002000000000008000046290000000000033060005000000000000694
08200002000000000008000045900000000000097110005000000000002039
08200002000000000008000046030000000000028970005000000000000608
08200002000000000008000046170000000000038840005000000000000816
08200002000000000008000046300000000000165290005000000000003471
08200002000000000008000045910000000000014260005000000000000299
08200002000000000008000046040000000000031400005000000000000660
08200002000000000008000046180000000000063220005000000000001328
08200002000000000008000046310000000000037190005000000000000781
08200002000000000008000045920000000000076860005000000000001614
08200002000000000008000046050000000000033060005000000000000694
08200002000000000008000046190000000000028510005000000000000599
08200002000000000008000046320000000000015290005000000000000321
08200002000000000008000045930000000000040910005000000000000859
08200002000000000008000046060000000000107440005000000000002256
08200002000000000008000046200000000000035540005000000000000746
08200002000000000008000046330000000000692560005000000000014544
08200002000000000008000045940000000000051980005000000000001092
08200002000000000008000046070000000000021490005000000000000451
08200002000000000008000046210000000000019590005000000000000411
08200002000000000008000046340000000000301650005000000000006335
08200002000000000008000045950000000000216650005000000000004550
08200002000000000008000046080000000000078510005000000000001649
08200002000000000008000046220000000000035120005000000000000738
08200002000000000008000046350000000000122310005000000000002569
08200002000000000008000045960000000000239920005000000000005038
08200002000000000008000046090000000000042980005000000000000902
08200002000000000008000046230000000000194880005000000000004092
08200002000000000008000046360000000000259090005000000000005441
08200002000000000008000045840000000000018180005000000000000382
08200002000000000008000046620000000000240910005000000000005059
08200002000000000008000046750000000000066200005000000000001390
08200002000000000008000046880000000000164460005000000000003454
08200002000000000008000046500000000000005370005000000000000113
08200002000000000008000046630000000000027270005000000000000573
08200002000000000008000046760000000000056160005000000000001179
08200002000000000008000046890000000000064460005000000000001354
08200002000000000008000046510000000000080290005000000000001686
08200002000000000008000046640000000000031490005000000000000661
08200002000000000008000046770000000000014880005000000000000312
08200002000000000008000046930000000000107440005000000000002256
08200002000000000008000046390000000000008760005000000000000184
08200002000000000008000046520000000000018180005000000000000382
08200002000000000008000046650000000000185000005000000000003885
08200002000000000008000046780000000000161160005000000000003384
08200002000000000008000046940000000000074790005000000000001571
08200002000000000008000046400000000000064260005000000000001349
08200002000000000008000046530000000000163640005000000000003436
08200002000000000008000046660000000000269790005000000000005666
08200002000000000008000046790000000000206690005000000000004341
08200002000000000008000046950000000000190410005000000000003999
08200002000000000008000046410000000000003220005000000000000068
08200002000000000008000046540000000000064630005000000000001357
08200002000000000008000046670000000000239630005000000000005032
08200002000000000008000046800000000000050250005000000000001055
08200002000000000008000046960000000000014050005000000000000295
08200002000000000008000046420000000000208880005000000000004387
08200002000000000008000046550000000000079750005000000000001675
08200002000000000008000046680000000000014050005000000000000295
08200002000000000008000046810000000000034170005000000000000718
08200002000000000008000046970000000000047110005000000000000989
08200002000000000008000046430000000000031820005000000000000668
08200002000000000008000046560000000000019420005000000000000408
08200002000000000008000046690000000000193310005000000000004059
08200002000000000008000046820000000000411160005000000000008634
08200002000000000008000046980000000000470950005000000000009890
08200002000000000008000046440000000000199590005000000000004191
08200002000000000008000046570000000000146280005000000000003072
08200002000000000008000046700000000000028510005000000000000599
08200002000000000008000046830000000000037190005000000000000781
08200002000000000008000046990000000000053510005000000000001124
08200002000000000008000046450000000000058390005000000000001226
08200002000000000008000046580000000000018930005000000000000397
08200002000000000008000046710000000000430580005000000000009042
08200002000000000008000046840000000000026860005000000000000564
08200002000000000008000047000000000000384880005000000000008082
08200002000000000008000046460000000000080080005000000000001682
08200002000000000008000046590000000000100250005000000000002105
08200002000000000008000046720000000000021490005000000000000451
08200002000000000008000046850000000000111570005000000000002343
08200002000000000008000046470000000000038470005000000000000808
08200002000000000008000046600000000000179340005000000000003766
08200002000000000008000046730000000000174050005000000000003655
08200002000000000008000046860000000000023060005000000000000484
08200002000000000008000046480000000000247440005000000000005196
08200002000000000008000046610000000000024790005000000000000521
08200002000000000008000046740000000000062110005000000000001304
08200002000000000008000046870000000000015000005000000000000315
08200002000000000008000046490000000000309340005000000000006496
08200002000000000008000047300000000000016120005000000000000338
08200002000000000008000047430000000000322890005000000000006781
08200002000000000008000047040000000000176030005000000000003697
08200002000000000008000047180000000000334460005000000000007024
08200002000000000008000047310000000000029750005000000000000625
08200002000000000008000047440000000000160170005000000000003363
08200002000000000008000047050000000000182360005000000000003829
08200002000000000008000047190000000000690080005000000000014492
08200002000000000008000047320000000000120660005000000000002534
08200002000000000008000047450000000000039380005000000000000827
08200002000000000008000047060000000000114630005000000000002407
08200002000000000008000047200000000000094210005000000000001979
08200002000000000008000047330000000000150370005000000000003158
08200002000000000008000047460000000000019380005000000000000407
08200002000000000008000047070000000000180990005000000000003801
08200002000000000008000047210000000000036160005000000000000759
08200002000000000008000047340000000000190080005000000000003992
08200002000000000008000047470000000000650830005000000000013667
08200002000000000008000047080000000000182270005000000000003828
08200002000000000008000047220000000000008260005000000000000174
08200002000000000008000047350000000000103800005000000000002180
08200002000000000008000047480000000000011160005000000000000234
08200002000000000008000047090000000000120660005000000000002534
08200002000000000008000047230000000000038840005000000000000816
08200002000000000008000047360000000000073880005000000000001552
08200002000000000008000047490000000000173550005000000000003645
08200002000000000008000047100000000000198970005000000000004178
08200002000000000008000047240000000001979010005000000000041559
08200002000000000008000047370000000000005790005000000000000121
08200002000000000008000047500000000000189010005000000000003969
08200002000000000008000047110000000000077810005000000000001634
08200002000000000008000047250000000000022810005000000000000479
08200002000000000008000047380000000000190500005000000000004000
08200002000000000008000047510000000000050990005000000000001071
08200002000000000008000047120000000000075000005000000000001575
08200002000000000008000047260000000000056690005000000000001191
08200002000000000008000047390000000000161070005000000000003383
08200002000000000008000047520000000000800410005000000000016809
08200002000000000008000047130000000000013310005000000000000279
08200002000000000008000047270000000000742560005000000000015594
08200002000000000008000047400000000000035700005000000000000750
08200002000000000008000047010000000000240000005000000000005040
08200002000000000008000047150000000000080080005000000000001682
08200002000000000008000047280000000000051240005000000000001076
08200002000000000008000047410000000000147110005000000000003089
08200002000000000008000047020000000000183020005000000000003843
08200002000000000008000047160000000000154550005000000000003245
08200002000000000008000047290000000000152890005000000000003211
08200002000000000008000047420000000000010740005000000000000226
08200002000000000008000047030000000000179750005000000000003775
08200002000000000008000047170000000000016940005000000000000356
08200002000000000000000047760000000000023310005000000000000489
08200002000000000000000047890000000000076860005000000000001614
08200002000000000008000047560000000000097520005000000000002048
08200002000000000008000047730000000000031400005000000000000660
08200002000000000000000047770000000000021490005000000000000451
08200002000000000000000047900000000000412110005000000000008654
08200002000000000008000047570000000000058100005000000000001220
08200002000000000000000047780000000000033060005000000000000694
08200002000000000000000047910000000000097190005000000000002041
08200002000000000008000047580000000000030580005000000000000642
08200002000000000000000047790000000000252070005000000000005293
08200002000000000000000047920000000000148760005000000000003124
08200002000000000008000047590000000000561160005000000000011784
08200002000000000000000047800000000000040500005000000000000850
08200002000000000000000047930000000000213470005000000000004483
08200002000000000008000047600000000000153510005000000000003224
08200002000000000000000047810000000000063220005000000000001328
08200002000000000000000047940000000000157310005000000000003304
08200002000000000008000047610000000000204050005000000000004285
08200002000000000000000047820000000000310740005000000000006526
08200002000000000000000047950000000000161160005000000000003384
08200002000000000008000047620000000000021070005000000000000443
08200002000000000000000047830000000000178510005000000000003749
08200002000000000000000047960000000000054750005000000000001150
08200002000000000008000047630000000000037190005000000000000781
08200002000000000000000047840000000000336070005000000000007058
08200002000000000000000047970000000000107440005000000000002256
08200002000000000008000047640000000000181820005000000000003818
08200002000000000000000047850000000000401120005000000000008423
08200002000000000000000047980000000000012400005000000000000260
08200002000000000008000047650000000000115450005000000000002425
08200002000000000000000047860000000000281120005000000000005903
08200002000000000008000047530000000000019830005000000000000417
08200002000000000008000047660000000000007440005000000000000156
08200002000000000000000047740000000000162600005000000000003415
08200002000000000000000047870000000000056200005000000000001180
08200002000000000008000047540000000000473470005000000000009943
08200002000000000008000047710000000000077270005000000000001623
08200002000000000000000047750000000000111570005000000000002343
08200002000000000000000047880000000000022810005000000000000479
08200002000000000008000047550000000000048350005000000000001015
08200002000000000008000047720000000000051320005000000000001078
08200002000000000000000048280000000000058880005000000000001237
08200002000000000000000048410000000000603310005000000000012669
08200002000000000000000048540000000000104550005000000000002195
08200002000000000000000048020000000000128140005000000000002691
08200002000000000000000048160000000000134710005000000000002829
08200002000000000000000048290000000000237190005000000000004981
08200002000000000000000048420000000000045870005000000000000963
08200002000000000000000048030000000000086490005000000000001816
08200002000000000000000048170000000000139210005000000000002924
08200002000000000000000048300000000000141320005000000000002968
08200002000000000000000048430000000000244460005000000000005134
08200002000000000000000048040000000000070620005000000000001483
08200002000000000000000048180000000000266240005000000000005591
08200002000000000000000048310000000000031820005000000000000668
08200002000000000000000048440000000000123970005000000000002603
08200002000000000000000048050000000000653600005000000000013725
08200002000000000000000048190000000000049590005000000000001041
08200002000000000000000048320000000000045040005000000000000946
08200002000000000000000048450000000000430580005000000000009042
08200002000000000000000048060000000000241320005000000000005068
08200002000000000000000048200000000000044630005000000000000937
08200002000000000000000048330000000000029750005000000000000625
08200002000000000000000048460000000000137190005000000000002881
08200002000000000000000048070000000000028510005000000000000599
08200002000000000000000048210000000000215040005000000000004516
08200002000000000000000048340000000000086200005000000000001810
08200002000000000000000048470000000000108260005000000000002274
08200002000000000000000048080000000000054550005000000000001145
08200002000000000000000048220000000000082560005000000000001734
08200002000000000000000048350000000000760330005000000000015967
08200002000000000000000048480000000000522730005000000000010977
08200002000000000000000048090000000000017360005000000000000364
08200002000000000000000048230000000000405790005000000000008521
08200002000000000000000048360000000000716200005000000000015040
08200002000000000000000048490000000000584960005000000000012284
08200002000000000000000048100000000000186030005000000000003907
08200002000000000000000048240000000000194550005000000000004085
08200002000000000000000048370000000000123970005000000000002603
08200002000000000000000048500000000000038840005000000000000816
08200002000000000000000048110000000000055620005000000000001168
08200002000000000000000048250000000000207020005000000000004348
08200002000000000000000048380000000000295040005000000000006196
08200002000000000000000048510000000000186690005000000000003921
08200002000000000000000047990000000000380170005000000000007983
08200002000000000000000048130000000000182020005000000000003823
08200002000000000000000048260000000000079170005000000000001663
08200002000000000000000048390000000000099170005000000000002083
08200002000000000000000048520000000000033880005000000000000712
08200002000000000000000048000000000000347110005000000000007289
08200002000000000000000048140000000000018680005000000000000392
08200002000000000008000003290000000000003720005000000000000078
08200002000000000000000048270000000000022310005000000000000469
08200002000000000000000048400000000000083470005000000000001753
08200002000000000000000048530000000000036360005000000000000764
08200002000000000000000048010000000000292930005000000000006152
08200002000000000000000048150000000000022310005000000000000469
08200002000000000000000048950000000000066360005000000000001394
08200002000000000000000048680000000000015700005000000000000330
08200002000000000000000048820000000000009500005000000000000200
08200002000000000000000048960000000000640500005000000000013450
08200002000000000000000048560000000000380170005000000000007983
08200002000000000000000048690000000000014050005000000000000295
08200002000000000000000048830000000000697520005000000000014648
08200002000000000000000048970000000000222520005000000000004673
08200002000000000000000048570000000000342730005000000000007197
08200002000000000000000048700000000000013020005000000000000273
08200002000000000000000048840000000000033060005000000000000694
08200002000000000000000048980000000000166200005000000000003490
08200002000000000000000048580000000000190080005000000000003992
08200002000000000000000048710000000000190080005000000000003992
08200002000000000000000048860000000000292560005000000000006144
08200002000000000000000048990000000000234130005000000000004917
08200002000000000000000048590000000000107440005000000000002256
08200002000000000000000048720000000000161400005000000000003390
08200002000000000000000048870000000000059880005000000000001257
08200002000000000000000049000000000000310290005000000000006516
08200002000000000000000048600000000000021740005000000000000456
08200002000000000000000048730000000000300660005000000000006314
08200002000000000000000048880000000000204710005000000000004299
08200002000000000000000049010000000000028930005000000000000607
08200002000000000000000048610000000000518350005000000000010885
08200002000000000000000048740000000000220410005000000000004629
08200002000000000000000048890000000000388680005000000000008162
08200002000000000000000048620000000000190080005000000000003992
08200002000000000000000048760000000000058260005000000000001224
08200002000000000000000048900000000000094830005000000000001992
08200002000000000000000048630000000000380170005000000000007983
08200002000000000000000048770000000000052270005000000000001098
08200002000000000000000048910000000000084300005000000000001770
08200002000000000000000048640000000000670120005000000000014073
08200002000000000000000048780000000000530170005000000000011133
08200002000000000000000048920000000000233060005000000000004894
11300002000000000000000000010000000000058260005000000000001224
08200002000000000000000048650000000000447190005000000000009391
08200002000000000000000048790000000000093800005000000000001970
08200002000000000000000048930000000000299420005000000000006288
08200002000000000000000048660000000000158350005000000000003325
08200002000000000000000048800000000000546030005000000000011467
08200002000000000000000048940000000000155620005000000000003268
08200002000000000000000048670000000000401650005000000000008435
08200002000000000000000048810000000000380170005000000000007983
08200002000000000000000049080000000000030540005000000000000641
08200002000000000000000049210000000000092980005000000000001952
08200002000000000000000049350000000000200000005000000000004200
08200002000000000000000049480000000000021490005000000000000451
08200002000000000000000049090000000000394210005000000000008279
08200002000000000000000049220000000000414050005000000000008695
08200002000000000000000049360000000000239670005000000000005033
08200002000000000000000049490000000000374710005000000000007869
08200002000000000000000049100000000000037190005000000000000781
08200002000000000000000049230000000000096690005000000000002031
08200002000000000000000049370000000000014880005000000000000312
08200002000000000000000049500000000000029090005000000000000611
08200002000000000000000049110000000000570250005000000000011975
08200002000000000000000049250000000000414380005000000000008702
08200002000000000000000049380000000000413350005000000000008680
08200002000000000000000049510000000000378510005000000000007949
08200002000000000000000049120000000000380170005000000000007983
08200002000000000000000049260000000000021240005000000000000446
08200002000000000000000049390000000000078930005000000000001657
08200002000000000000000049520000000000019010005000000000000399
08200002000000000000000049130000000000287930005000000000006047
08200002000000000000000049270000000000141320005000000000002968
08200002000000000000000049400000000000066530005000000000001397
08200002000000000000000049530000000000072310005000000000001519
08200002000000000000000049140000000000061570005000000000001293
08200002000000000000000049280000000000561980005000000000011802
08200002000000000000000049410000000000010500005000000000000220
08200002000000000000000049020000000000474380005000000000009962
08200002000000000000000049150000000000066530005000000000001397
08200002000000000000000049290000000000561980005000000000011802
08200002000000000000000049420000000000132230005000000000002777
08200002000000000000000049030000000000277690005000000000005831
08200002000000000000000049160000000000380170005000000000007983
08200002000000000000000049300000000000561980005000000000011802
08200002000000000000000049430000000000059920005000000000001258
08200002000000000000000049040000000000302480005000000000006352
08200002000000000000000049170000000000112810005000000000002369
08200002000000000000000049310000000000051240005000000000001076
08200002000000000000000049440000000000066530005000000000001397
08200002000000000000000049050000000000224380005000000000004712
08200002000000000000000049180000000000391320005000000000008218
08200002000000000000000049320000000000030990005000000000000651
08200002000000000000000049450000000000231400005000000000004860
08200002000000000000000049060000000000224380005000000000004712
08200002000000000000000049190000000000042310005000000000000889
08200002000000000000000049330000000000094210005000000000001979
08200002000000000000000049460000000000161160005000000000003384
08200002000000000000000049070000000000178510005000000000003749
08200002000000000000000049200000000000220580005000000000004632
08200002000000000000000049340000000000191610005000000000004024
08200002000000000000000049470000000000161160005000000000003384
08200002000000000000000049610000000000126860005000000000002664
08200002000000000000000049740000000000031240005000000000000656
08200002000000000000000049870000000000111570005000000000002343
08200002000000000000000050000000000000024790005000000000000521
08200002000000000000000050130000000000085950005000000000001805
08200002000000000000000049620000000000038510005000000000000809
08200002000000000000000049750000000000180990005000000000003801
08200002000000000000000049880000000000038840005000000000000816
08200002000000000000000050010000000000032440005000000000000681
08200002000000000000000050140000000000059590005000000000001251
08200002000000000000000049630000000000117230005000000000002462
08200002000000000000000049760000000000378260005000000000007944
08200002000000000000000049890000000000091610005000000000001924
08200002000000000000000050020000000000012400005000000000000260
08200002000000000000000050150000000000066320005000000000001393
08200002000000000000000049640000000000120660005000000000002534
08200002000000000000000049770000000000043390005000000000000911
08200002000000000000000049900000000000019590005000000000000411
08200002000000000000000050030000000000176650005000000000003710
08200002000000000000000050160000000000008100005000000000000170
08200002000000000000000049650000000000664260005000000000013949
08200002000000000000000049780000000000145450005000000000003055
08200002000000000000000049910000000000190080005000000000003992
08200002000000000000000050040000000000185330005000000000003892
08200002000000000000000050170000000000258600005000000000005430
08200002000000000000000049660000000000120660005000000000002534
08200002000000000000000049790000000000257480005000000000005407
08200002000000000000000049920000000000117850005000000000002475
08200002000000000000000050050000000000426490005000000000008956
08200002000000000000000049670000000000447110005000000000009389
08200002000000000000000049800000000000076400005000000000001605
08200002000000000000000049930000000000148140005000000000003111
08200002000000000000000050060000000000034210005000000000000719
08200002000000000000000049540000000000241320005000000000005068
08200002000000000000000049680000000000017770005000000000000373
08200002000000000000000049810000000000077690005000000000001631
08200002000000000000000049940000000000061820005000000000001298
08200002000000000000000050070000000000064050005000000000001345
08200002000000000000000049550000000000041120005000000000000863
08200002000000000000000049690000000000026030005000000000000547
08200002000000000000000049820000000000609380005000000000012797
08200002000000000000000049950000000000191570005000000000004023
08200002000000000000000050080000000000040290005000000000000846
08200002000000000000000049560000000000082640005000000000001736
08200002000000000000000049700000000000661160005000000000013884
08200002000000000000000049830000000000117520005000000000002468
08200002000000000000000049960000000000117850005000000000002475
08200002000000000000000050090000000000052730005000000000001107
08200002000000000000000049580000000000007020005000000000000148
08200002000000000000000049710000000000007690005000000000000161
08200002000000000000000049840000000000200700005000000000004215
08200002000000000000000049970000000000097600005000000000002050
08200002000000000000000050100000000000039880005000000000000837
08200002000000000000000049590000000000122070005000000000002563
08200002000000000000000049720000000000042980005000000000000902
08200002000000000000000049850000000000316450005000000000006645
08200002000000000000000049980000000000117310005000000000002464
08200002000000000000000050110000000000067190005000000000001411
08200002000000000000000049600000000000029750005000000000000625
08200002000000000000000049730000000000684710005000000000014379
08200002000000000000000049860000000000095210005000000000001999
08200002000000000000000049990000000000098930005000000000002077
08200002000000000000000050120000000000053720005000000000001128
08200002000000000000000050250000000000474010005000000000009954
08200002000000000000000050380000000000017270005000000000000363
08200002000000000000000050510000000000069710005000000000001464
08200002000000000000000050650000000000009500005000000000000200
08200002000000000000000050780000000000188680005000000000003962
08200002000000000000000050260000000000082640005000000000001736
08200002000000000000000050390000000000219010005000000000004599
08200002000000000000000050520000000000258350005000000000005425
08200002000000000000000050660000000000007360005000000000000154
08200002000000000000000050790000000000036120005000000000000758
08200002000000000000000050270000000000040500005000000000000850
08200002000000000000000050400000000000152310005000000000003199
08200002000000000000000050530000000000023550005000000000000495
08200002000000000000000050670000000000102230005000000000002147
08200002000000000000000050800000000000010540005000000000000221
08200002000000000000000050280000000000176860005000000000003714
08200002000000000000000050410000000000033060005000000000000694
08200002000000000000000050540000000000141820005000000000002978
08200002000000000000000050680000000000025000005000000000000525
08200002000000000000000050810000000000111570005000000000002343
08200002000000000000000050290000000000165290005000000000003471
08200002000000000000000050420000000000090910005000000000001909
08200002000000000000000050560000000000039210005000000000000824
08200002000000000000000050690000000000361240005000000000007586
08200002000000000000000050820000000000365370005000000000007673
08200002000000000000000050300000000000181820005000000000003818
08200002000000000000000050430000000000209590005000000000004401
08200002000000000000000050570000000000433800005000000000009110
08200002000000000000000050700000000000014050005000000000000295
08200002000000000000000050180000000000703390005000000000014771
08200002000000000000000050830000000000014880005000000000000312
08200002000000000000000050310000000000060620005000000000001273
08200002000000000000000050440000000000087360005000000000001834
08200002000000000000000050580000000000131820005000000000002768
08200002000000000000000050710000000000057360005000000000001204
08200002000000000000000050190000000000180990005000000000003801
08200002000000000000000050840000000000012400005000000000000260
08200002000000000000000050320000000000070830005000000000001487
08200002000000000000000050450000000000389590005000000000008181
08200002000000000000000050590000000000091320005000000000001918
08200002000000000000000050720000000000047020005000000000000988
08200002000000000000000050200000000000500000005000000000010500
08200002000000000000000050850000000000065740005000000000001381
08200002000000000000000050330000000000180990005000000000003801
08200002000000000000000050460000000000112400005000000000002360
08200002000000000000000050600000000000168680005000000000003542
08200002000000000000000050730000000000181400005000000000003810
08200002000000000000000050210000000000081820005000000000001718
08200002000000000000000050340000000000313220005000000000006578
08200002000000000000000050470000000000074380005000000000001562
08200002000000000000000050610000000000142150005000000000002985
08200002000000000000000050740000000000097930005000000000002057
08200002000000000000000050220000000000019830005000000000000417
08200002000000000000000050350000000000293800005000000000006170
08200002000000000000000050480000000000013840005000000000000291
08200002000000000000000050620000000000514790005000000000010811
08200002000000000000000050750000000000057850005000000000001215
08200002000000000000000050230000000000180830005000000000003797
08200002000000000000000050360000000000253310005000000000005319
08200002000000000000000050490000000000009260005000000000000194
08200002000000000000000050630000000000037770005000000000000793
08200002000000000000000050760000000000078510005000000000001649
08200002000000000000000050240000000000195620005000000000004108
08200002000000000000000050370000000000049590005000000000001041
08200002000000000000000050500000000000063640005000000000001336
08200002000000000000000050640000000000071070005000000000001493
08200002000000000000000050770000000000069750005000000000001465
08200002000000000000000050900000000000037730005000000000000792
08200002000000000000000051030000000000076860005000000000001614
08200002000000000000000051160000000000013550005000000000000285
08200002000000000000000051290000000000036120005000000000000758
08200002000000000000000051420000000000047980005000000000001007
08200002000000000000000050910000000000165290005000000000003471
08200002000000000000000051040000000000335000005000000000007035
08200002000000000000000051170000000000460410005000000000009669
08200002000000000000000051300000000000029750005000000000000625
08200002000000000000000051430000000000221900005000000000004660
08200002000000000000000050920000000000138260005000000000002904
08200002000000000000000051050000000000059630005000000000001252
08200002000000000000000051180000000000029750005000000000000625
08200002000000000000000051310000000000335540005000000000007046
08200002000000000000000051440000000000301860005000000000006339
08200002000000000000000050930000000000152890005000000000003211
08200002000000000000000051060000000000183470005000000000003853
08200002000000000000000051190000000000030000005000000000000630
08200002000000000000000051320000000000110250005000000000002315
08200002000000000000000051450000000000060410005000000000001269
08200002000000000000000050940000000000057850005000000000001215
08200002000000000000000051070000000000026650005000000000000560
08200002000000000000000051200000000000125370005000000000002633
08200002000000000000000051330000000000038430005000000000000807
08200002000000000000000051460000000000238220005000000000005003
08200002000000000000000050950000000000181820005000000000003818
08200002000000000000000051080000000000823140005000000000017286
08200002000000000000000051210000000000101610005000000000002134
08200002000000000000000051340000000000156610005000000000003289
08200002000000000000000051470000000000341280005000000000007167
08200002000000000000000050960000000000021900005000000000000460
08200002000000000000000051090000000000212400005000000000004460
08200002000000000000000051220000000000165290005000000000003471
08200002000000000000000051350000000000027070005000000000000568
08200002000000000000000051480000000000434710005000000000009129
08200002000000000000000050970000000000784960005000000000016484
08200002000000000000000051100000000000082640005000000000001736
08200002000000000000000051230000000000030990005000000000000651
08200002000000000000000051360000000000144630005000000000003037
08200002000000000000000051490000000000176030005000000000003697
08200002000000000000000050980000000000288600005000000000006060
08200002000000000000000051110000000000266160005000000000005589
08200002000000000000000051240000000000206610005000000000004339
08200002000000000000000051370000000000030990005000000000000651
08200002000000000000000050860000000000314010005000000000006594
08200002000000000000000051500000000000024790005000000000000521
08200002000000000000000050990000000000177110005000000000003719
08200002000000000000000051120000000000046690005000000000000981
08200002000000000000000051250000000000073970005000000000001553
08200002000000000000000051380000000000027270005000000000000573
08200002000000000000000050870000000000042980005000000000000902
08200002000000000000000051510000000000356200005000000000007480
08200002000000000000000051000000000000255370005000000000005363
08200002000000000000000051130000000000044340005000000000000931
08200002000000000000000051260000000000064460005000000000001354
08200002000000000000000051390000000000018840005000000000000396
08200002000000000000000050880000000000292360005000000000006139
08200002000000000000000051520000000000041570005000000000000873
08200002000000000000000051010000000000062400005000000000001310
08200002000000000000000051140000000000107640005000000000002261
08200002000000000000000051270000000000730250005000000000015335
08200002000000000000000051400000000000048020005000000000001008
08200002000000000000000050890000000000041490005000000000000871
08200002000000000000000051020000000000609420005000000000012798
08200002000000000000000051150000000000073970005000000000001553
08200002000000000000000051280000000000104880005000000000002202
08200002000000000000000051410000000000189830005000000000003987
08200002000000000000000051540000000000062020005000000000001303
08200002000000000000000052210000000000026450005000000000000555
08200002000000000000000051670000000000044630005000000000000937
08200002000000000000000052340000000000101820005000000000002138
08200002000000000000000051830000000000151450005000000000003180
08200002000000000000000051960000000000217770005000000000004573
08200002000000000000000052090000000000028100005000000000000590
08200002000000000000000051550000000000009090005000000000000191
08200002000000000000000052220000000000245700005000000000005160
08200002000000000000000051680000000000112400005000000000002360
08200002000000000000000052350000000000076450005000000000001605
08200002000000000000000051840000000000224420005000000000004713
08200002000000000000000051970000000000039670005000000000000833
08200002000000000000000052100000000000141320005000000000002968
08200002000000000000000051560000000000050410005000000000001059
08200002000000000000000052230000000000020660005000000000000434
08200002000000000000000051710000000000065290005000000000001371
08200002000000000000000052360000000000357890005000000000007516
08200002000000000000000051850000000000182930005000000000003842
08200002000000000000000051980000000000199750005000000000004195
08200002000000000000000052110000000000266570005000000000005598
08200002000000000000000051570000000000199170005000000000004183
08200002000000000000000052240000000000123970005000000000002603
08200002000000000000000051720000000000359500005000000000007550
08200002000000000000000052370000000000105790005000000000002221
08200002000000000000000051860000000000306610005000000000006439
08200002000000000000000051990000000000091320005000000000001918
08200002000000000000000052120000000000089090005000000000001871
08200002000000000000000051580000000000229750005000000000004825
08200002000000000000000052250000000000112400005000000000002360
08200002000000000000000051730000000000061160005000000000001284
08200002000000000000000052380000000000387070005000000000008128
08200002000000000000000051870000000000180990005000000000003801
08200002000000000000000052000000000000202480005000000000004252
08200002000000000000000052130000000000182560005000000000003834
08200002000000000000000051590000000000150410005000000000003159
08200002000000000000000052260000000000156570005000000000003288
08200002000000000000000051740000000000319830005000000000006717
08200002000000000000000052390000000000604790005000000000012701
08200002000000000000000051880000000000061490005000000000001291
08200002000000000000000052010000000000066280005000000000001392
08200002000000000000000052140000000000243310005000000000005109
08100002000000000000000000160000000000308680005000000000006482
08200002000000000000000051600000000000058220005000000000001223
08200002000000000000000052270000000000015120005000000000000318
08200002000000000000000051750000000000019830005000000000000417
08200002000000000000000052400000000000022110005000000000000464
08200002000000000000000051890000000000084880005000000000001782
08200002000000000000000052020000000000223800005000000000004700
08200002000000000000000052150000000000018600005000000000000390
08200002000000000000000051610000000000273220005000000000005738
08200002000000000000000052280000000000066120005000000000001388
08200002000000000000000051760000000000182020005000000000003823
08200002000000000000000051900000000000085120005000000000001788
08200002000000000000000052030000000000076650005000000000001610
08200002000000000000000052160000000000371490005000000000007801
08200002000000000000000051620000000000021070005000000000000443
08200002000000000000000052290000000000155370005000000000003263
08200002000000000000000051770000000000258680005000000000005432
08200002000000000000000051910000000000032400005000000000000680
08200002000000000000000052040000000000248760005000000000005224
08200002000000000000000052170000000000215040005000000000004516
08200002000000000000000051630000000000132230005000000000002777
08200002000000000000000052300000000000034710005000000000000729
08200002000000000000000051780000000000482640005000000000010136
08200002000000000000000051920000000000057850005000000000001215
08200002000000000000000052050000000000471280005000000000009897
08200002000000000000000052180000000000033060005000000000000694
08200002000000000000000051640000000000042980005000000000000902
08200002000000000000000052310000000000063640005000000000001336
08200002000000000000000051800000000000235870005000000000004953
08200002000000000000000051930000000000315990005000000000006636
08200002000000000000000052060000000000125870005000000000002643
08200002000000000000000052190000000000038840005000000000000816
08200002000000000000000051650000000000284710005000000000005979
08200002000000000000000052320000000000385040005000000000008086
08200002000000000000000051810000000000044630005000000000000937
08200002000000000000000051940000000000048100005000000000001010
08200002000000000000000052070000000000241320005000000000005068
08200002000000000000000051530000000000084790005000000000001781
08200002000000000000000052200000000000003720005000000000000078
08200002000000000000000051660000000000401860005000000000008439
08200002000000000000000052330000000000192980005000000000004052
08200002000000000000000051820000000000164460005000000000003454
08200002000000000000000051950000000000175990005000000000003696
08200002000000000000000052080000000000079340005000000000001666
08200002000000000000000052850000000000228930005000000000004807
08200002000000000000000052980000000000221490005000000000004651
08200002000000000000000052470000000000040500005000000000000850
08200002000000000000000052600000000000042980005000000000000902
08200002000000000000000052730000000000047190005000000000000991
08200002000000000000000052860000000000050000005000000000001050
08200002000000000000000052480000000000296900005000000000006235
08200002000000000000000052610000000000257440005000000000005406
08200002000000000000000052740000000000394750005000000000008290
08200002000000000000000052870000000000195040005000000000004096
08200002000000000000000052490000000000092230005000000000001937
08200002000000000000000052620000000000024790005000000000000521
08200002000000000000000052750000000000120660005000000000002534
08200002000000000000000052880000000000084300005000000000001770
08200002000000000000000052500000000000061160005000000000001284
08200002000000000000000052630000000000168600005000000000003540
08200002000000000000000052760000000000578510005000000000012149
08200002000000000000000052890000000000146280005000000000003072
08200002000000000000000052510000000000101320005000000000002128
08200002000000000000000052640000000000429090005000000000009011
08200002000000000000000052770000000000203310005000000000004269
08200002000000000000000052900000000000130330005000000000002737
08200002000000000000000052520000000000165290005000000000003471
08200002000000000000000052650000000000216030005000000000004537
08200002000000000000000052780000000000120660005000000000002534
08200002000000000000000052910000000000009920005000000000000208
08200002000000000000000052530000000000064460005000000000001354
08200002000000000000000052660000000000097150005000000000002040
08200002000000000000000052790000000000166940005000000000003506
08200002000000000000000052920000000000078510005000000000001649
08200002000000000000000052410000000000202980005000000000004262
08200002000000000000000052540000000000066120005000000000001388
08200002000000000000000052670000000000047190005000000000000991
08200002000000000000000052800000000000102980005000000000002162
08200002000000000000000052930000000000338430005000000000007107
08200002000000000000000052420000000000237230005000000000004982
08200002000000000000000052550000000000133060005000000000002794
08200002000000000000000052680000000000057190005000000000001201
08200002000000000000000052810000000000142480005000000000002992
08200002000000000000000052940000000000177600005000000000003730
08200002000000000000000052430000000000023970005000000000000503
08200002000000000000000052560000000000049590005000000000001041
08200002000000000000000052690000000000066120005000000000001388
08200002000000000000000052820000000000079260005000000000001664
08200002000000000000000052950000000000054050005000000000001135
08200002000000000000000052440000000000023970005000000000000503
08200002000000000000000052570000000000595790005000000000012511
08200002000000000000000052700000000000211530005000000000004442
08200002000000000000000052830000000000044880005000000000000942
08200002000000000000000052960000000000070450005000000000001480
08200002000000000000000052450000000000123100005000000000002585
08200002000000000000000052580000000000067770005000000000001423
08200002000000000000000052710000000000047070005000000000000988
08200002000000000000000052840000000000207730005000000000004362
08200002000000000000000052970000000000260330005000000000005467
08200002000000000000000052460000000000024670005000000000000518
08200002000000000000000052590000000000113680005000000000002387
08200002000000000000000052720000000000042980005000000000000902
08200002000000000000000053110000000000197270005000000000004143
08200002000000000000000053240000000000251320005000000000005278
08200002000000000000000052990000000000126450005000000000002655
08200002000000000000000053120000000000159090005000000000003341
08200002000000000000000053250000000000080990005000000000001701
08200002000000000000000053000000000000030580005000000000000642
08200002000000000000000053130000000000211120005000000000004433
08200002000000000000000053260000000000019750005000000000000415
08200002000000000000000053010000000000028470005000000000000598
08200002000000000000000053140000000000046740005000000000000981
08200002000000000000000053020000000000230790005000000000004846
08200002000000000000000053150000000000035540005000000000000746
08200002000000000000000053030000000000032230005000000000000677
08200002000000000000000053160000000000068180005000000000001432
08200002000000000000000053040000000000416820005000000000008753
08200002000000000000000053170000000000104130005000000000002187
08200002000000000000000053050000000000162400005000000000003410
08200002000000000000000053180000000000028510005000000000000599
08200002000000000000000053060000000000408760005000000000008584
08200002000000000000000053190000000000408510005000000000008579
08200002000000000000000053070000000000489590005000000000010281
08200002000000000000000053200000000000166650005000000000003500
08200002000000000000000053080000000000044630005000000000000937
08200002000000000000000053210000000000112190005000000000002356
08200002000000000000000053090000000000212730005000000000004467
08200002000000000000000053220000000000081400005000000000001710
08200002000000000000000053100000000000161900005000000000003400
08200002000000000000000053230000000000438970005000000000009218
08200002000000000000000053490000000000168800005000000000003545
08200002000000000000000053620000000000146780005000000000003082
08200002000000000000000053750000000000050830005000000000001067
08200002000000000000000053880000000000010330005000000000000217
08200002000000000000000053370000000000332440005000000000006981
08200002000000000000000053500000000000060740005000000000001276
08200002000000000000000053630000000000032230005000000000000677
08200002000000000000000053760000000000035620005000000000000748
08200002000000000000000053890000000000346120005000000000007268
08200002000000000000000053380000000000045450005000000000000955
08200002000000000000000053510000000000489050005000000000010270
08200002000000000000000053640000000000030990005000000000000651
08200002000000000000000053770000000000433880005000000000009112
08200002000000000000000053900000000000017560005000000000000369
08200002000000000000000053390000000000497320005000000000010444
08200002000000000000000053520000000000247110005000000000005189
08200002000000000000000053650000000000030580005000000000000642
08200002000000000000000053780000000000190210005000000000003994
08200002000000000000000053270000000000289260005000000000006074
08200002000000000000000053910000000000078510005000000000001649
08200002000000000000000053400000000000426400005000000000008955
08200002000000000000000053530000000000191570005000000000004023
08200002000000000000000053660000000000127560005000000000002679
08200002000000000000000053790000000000219920005000000000004618
08200002000000000000000053280000000000186160005000000000003909
08200002000000000000000053920000000000009790005000000000000206
08200002000000000000000053410000000000273550005000000000005745
08200002000000000000000053540000000000476490005000000000010006
08200002000000000000000053670000000000212850005000000000004470
08200002000000000000000053800000000000599340005000000000012586
08200002000000000000000053290000000000064880005000000000001362
08200002000000000000000053930000000000338930005000000000007117
08200002000000000000000053420000000000259500005000000000005450
08200002000000000000000053550000000000078510005000000000001649
08200002000000000000000053680000000000694210005000000000014579
08200002000000000000000053810000000000134300005000000000002820
08200002000000000000000053300000000000068180005000000000001432
08200002000000000000000053940000000000386360005000000000008114
08200002000000000000000053430000000000375700005000000000007890
08200002000000000000000053560000000000121900005000000000002560
08200002000000000000000053690000000000106530005000000000002237
08200002000000000000000053820000000000049590005000000000001041
08200002000000000000000053310000000000537170005000000000011280
08200002000000000000000053950000000000030000005000000000000630
08200002000000000000000053440000000000120660005000000000002534
08200002000000000000000053570000000000105370005000000000002213
08200002000000000000000053700000000000049590005000000000001041
08200002000000000000000053830000000000283470005000000000005953
08200002000000000000000053320000000000230120005000000000004833
08200002000000000000000053960000000000125370005000000000002633
08200002000000000000000053450000000000089750005000000000001885
08200002000000000000000053580000000000105700005000000000002220
08200002000000000000000053710000000000148970005000000000003128
08200002000000000000000053840000000000077690005000000000001631
08200002000000000000000053330000000000041320005000000000000868
08200002000000000000000053460000000000100830005000000000002117
08200002000000000000000053590000000000426450005000000000008955
08200002000000000000000053720000000000105790005000000000002221
08200002000000000000000053850000000000071240005000000000001496
08200002000000000000000053340000000000092310005000000000001939
08200002000000000000000053470000000000092980005000000000001952
08200002000000000000000053600000000000025620005000000000000538
08200002000000000000000053730000000000062230005000000000001307
08200002000000000000000053860000000000063390005000000000001331
08200002000000000000000053350000000000026450005000000000000555
08200002000000000000000053480000000000177690005000000000003731
08200002000000000000000053610000000000235080005000000000004937
08200002000000000000000053740000000000084920005000000000001783
08200002000000000000000053870000000000014750005000000000000310
08200002000000000000000053360000000000037190005000000000000781
08200002000000000000000054130000000000069420005000000000001458
08200002000000000000000054270000000000108260005000000000002274
08200002000000000000000054400000000000153310005000000000003219
08200002000000000000000054530000000000066120005000000000001388
08200002000000000000000054010000000000301650005000000000006335
08200002000000000000000054140000000000032400005000000000000680
08200002000000000000000054280000000000009920005000000000000208
08200002000000000000000054410000000000132640005000000000002786
08200002000000000000000054540000000000069420005000000000001458
08200002000000000000000054020000000000136360005000000000002864
08200002000000000000000054150000000000130910005000000000002749
08200002000000000000000054290000000000027270005000000000000573
08200002000000000000000054420000000000061160005000000000001284
08200002000000000000000054550000000000120170005000000000002523
08200002000000000000000054030000000000533880005000000000011212
08200002000000000000000054160000000000019010005000000000000399
08200002000000000000000054300000000000037230005000000000000782
08200002000000000000000054430000000000169790005000000000003566
08200002000000000000000054560000000000013220005000000000000278
08200002000000000000000054040000000000278550005000000000005850
08200002000000000000000054170000000000473720005000000000009948
08200002000000000000000054310000000000402070005000000000008443
08200002000000000000000054440000000000180120005000000000003783
08200002000000000000000054570000000000030290005000000000000636
08200002000000000000000054050000000000163220005000000000003428
08200002000000000000000054180000000000012400005000000000000260
08200002000000000000000054320000000000215250005000000000004520
08200002000000000000000054450000000000078510005000000000001649
08200002000000000000000054580000000000056780005000000000001192
08200002000000000000000054060000000000473800005000000000009950
08200002000000000000000054190000000000120660005000000000002534
08200002000000000000000054330000000000277690005000000000005831
08200002000000000000000054460000000000019830005000000000000417
08200002000000000000000054070000000000070910005000000000001489
08100002000000000000000000170000000000033470005000000000000703
08200002000000000000000054200000000000391740005000000000008226
08200002000000000000000054340000000000052110005000000000001094
08200002000000000000000054470000000000011820005000000000000248
08200002000000000000000054080000000000192400005000000000004040
08200002000000000000000054210000000000186690005000000000003921
08200002000000000000000054350000000000418180005000000000008782
08200002000000000000000054480000000000322310005000000000006769
08200002000000000000000054090000000000132230005000000000002777
08200002000000000000000054220000000000176030005000000000003697
08200002000000000000000054360000000000011570005000000000000243
08200002000000000000000054490000000000069400005000000000001457
08200002000000000000000053970000000000036360005000000000000764
08200002000000000000000054100000000000270250005000000000005675
08200002000000000000000054240000000000055500005000000000001165
08200002000000000000000054370000000000147930005000000000003107
08200002000000000000000054500000000000042930005000000000000902
08200002000000000000000053980000000000285370005000000000005993
08200002000000000000000054110000000000016530005000000000000347
08200002000000000000000054250000000000076860005000000000001614
08200002000000000000000054380000000000078510005000000000001649
08200002000000000000000054510000000000033930005000000000000712
08200002000000000000000053990000000000136360005000000000002864
08200002000000000000000054120000000000257850005000000000005415
08200002000000000000000054260000000000124380005000000000002612
08200002000000000000000054390000000000008260005000000000000174
08200002000000000000000054520000000000058020005000000000001218
08200002000000000000000054000000000000215250005000000000004520
08200002000000000000000054780000000000073550005000000000001545
08200002000000000000000054910000000000632640005000000000013286
08200002000000000000000055040000000000261740005000000000005496
08200002000000000000000055170000000000049500005000000000001040
08200002000000000000000054660000000000209830005000000000004407
08200002000000000000000054790000000000180990005000000000003801
08200002000000000000000054920000000000033060005000000000000694
08200002000000000000000055050000000000078510005000000000001649
08200002000000000000000055180000000000029750005000000000000625
08200002000000000000000054670000000000044630005000000000000937
08200002000000000000000054800000000000301650005000000000006335
08200002000000000000000054930000000000095210005000000000001999
08200002000000000000000055060000000000147110005000000000003089
08200002000000000000000055190000000000204880005000000000004302
08200002000000000000000054680000000000309340005000000000006496
08200002000000000000000054810000000000079380005000000000001667
08200002000000000000000054940000000000180990005000000000003801
08200002000000000000000055070000000000193840005000000000004071
08200002000000000000000055200000000000016530005000000000000347
08200002000000000000000054690000000000081820005000000000001718
08200002000000000000000054820000000000032230005000000000000677
08200002000000000000000054950000000000199170005000000000004183
08200002000000000000000055080000000000386780005000000000008122
08200002000000000000000054700000000000427980005000000000008987
08200002000000000000000054830000000000072640005000000000001526
08200002000000000000000054960000000000230660005000000000004844
08200002000000000000000055090000000000041320005000000000000868
08200002000000000000000054710000000000136200005000000000002860
08200002000000000000000054840000000000041320005000000000000868
08200002000000000000000054970000000000119010005000000000002499
08200002000000000000000055100000000000022190005000000000000466
08200002000000000000000054590000000000351240005000000000007376
08200002000000000000000054720000000000076610005000000000001609
08200002000000000000000054850000000000024590005000000000000516
08200002000000000000000054980000000000271070005000000000005693
08200002000000000000000055110000000000061160005000000000001284
08200002000000000000000054600000000000028510005000000000000599
08200002000000000000000054730000000000296860005000000000006234
08200002000000000000000054860000000000157020005000000000003298
08200002000000000000000054990000000000013020005000000000000273
08200002000000000000000055120000000000323260005000000000006789
08200002000000000000000054610000000000715580005000000000015027
08200002000000000000000054740000000000343840005000000000007221
08200002000000000000000054870000000000031400005000000000000660
08200002000000000000000055000000000000017560005000000000000369
08200002000000000000000055130000000000010740005000000000000226
08200002000000000000000054620000000000041070005000000000000863
08200002000000000000000054750000000000040080005000000000000842
08200002000000000000000054880000000000065290005000000000001371
08200002000000000000000055010000000000036360005000000000000764
08200002000000000000000055140000000000282150005000000000005925
08200002000000000000000054630000000000049590005000000000001041
08200002000000000000000054760000000000206030005000000000004327
08200002000000000000000054890000000000369260005000000000007754
08200002000000000000000055020000000000157020005000000000003298
08200002000000000000000055150000000000077690005000000000001631
08200002000000000000000054640000000000014880005000000000000312
08200002000000000000000054770000000000097190005000000000002041
08200002000000000000000054900000000000095870005000000000002013
08200002000000000000000055030000000000148760005000000000003124
08200002000000000000000055160000000000090910005000000000001909
08200002000000000000000054650000000000041070005000000000000863
08200002000000000000000055420000000000288350005000000000006055
08200002000000000000000055560000000000404960005000000000008504
08200002000000000000000055690000000000120660005000000000002534
08200002000000000000000055300000000000018180005000000000000382
08200002000000000000000055430000000000334300005000000000007020
08200002000000000000000055570000000000112400005000000000002360
08200002000000000000000055700000000000214880005000000000004512
08200002000000000000000055310000000000021490005000000000000451
08200002000000000000000055440000000000043930005000000000000922
08200002000000000000000055580000000000078510005000000000001649
08200002000000000000000055710000000000079750005000000000001675
08200002000000000000000055320000000000358640005000000000007531
08200002000000000000000055450000000000269420005000000000005658
08200002000000000000000055590000000000097020005000000000002038
08200002000000000000000055720000000000415500005000000000008725
08200002000000000000000055330000000000132230005000000000002777
08200002000000000000000055460000000000106610005000000000002239
08200002000000000000000055600000000000025620005000000000000538
08200002000000000000000055730000000000525620005000000000011038
08200002000000000000000055210000000000021490005000000000000451
08200002000000000000000055340000000000033060005000000000000694
08200002000000000000000055470000000000090910005000000000001909
08200002000000000000000055610000000000208760005000000000004384
08200002000000000000000055740000000000153720005000000000003228
08200002000000000000000055220000000000010740005000000000000226
08200002000000000000000055350000000000203970005000000000004283
08200002000000000000000055480000000000030370005000000000000638
08200002000000000000000055620000000000661160005000000000013884
08200002000000000000000055750000000000207980005000000000004367
08200002000000000000000055230000000000165290005000000000003471
08200002000000000000000055360000000000026450005000000000000555
08200002000000000000000055490000000000201490005000000000004231
08200002000000000000000055630000000000097110005000000000002039
08200002000000000000000055760000000000034010005000000000000714
08200002000000000000000055240000000000810080005000000000017012
08200002000000000000000055370000000000120660005000000000002534
08100002000000000000000000180000000000056690005000000000001191
08200002000000000000000055500000000000083060005000000000001744
08200002000000000000000055640000000000614050005000000000012895
08200002000000000000000055770000000000040500005000000000000850
08200002000000000000000055250000000000045450005000000000000955
08200002000000000000000055380000000000183930005000000000003862
08200002000000000000000055510000000000033220005000000000000698
08200002000000000000000055650000000000076860005000000000001614
08200002000000000000000055780000000000086450005000000000001815
08200002000000000000000055260000000000028100005000000000000590
08200002000000000000000055390000000000154050005000000000003235
08200002000000000000000055520000000000193470005000000000004063
08200002000000000000000055660000000000027110005000000000000569
08200002000000000000000055790000000000069420005000000000001458
08200002000000000000000055270000000000023970005000000000000503
08200002000000000000000055400000000000014880005000000000000312
08200002000000000000000055530000000000239670005000000000005033
08200002000000000000000055670000000000097520005000000000002048
08200002000000000000000055280000000000578510005000000000012149
08200002000000000000000055410000000000041320005000000000000868
08200002000000000000000055540000000000317730005000000000006672
08200002000000000000000055680000000000223880005000000000004702
08200002000000000000000055290000000000033060005000000000000694
08200002000000000000000056080000000000547520005000000000011498
08200002000000000000000056210000000000060330005000000000001267
08200002000000000000000056340000000000082640005000000000001736
08200002000000000000000055820000000000229050005000000000004810
08200002000000000000000056470000000000045450005000000000000955
08200002000000000000000055960000000000158680005000000000003332
08200002000000000000000056090000000000114880005000000000002412
08200002000000000000000056220000000000033060005000000000000694
08200002000000000000000056350000000000268760005000000000005644
08200002000000000000000055830000000000298350005000000000006265
08200002000000000000000056480000000000013220005000000000000278
08200002000000000000000055970000000000013220005000000000000278
08200002000000000000000056100000000000039750005000000000000835
08200002000000000000000056230000000000289300005000000000006075
08200002000000000000000056360000000000106780005000000000002242
08200002000000000000000055840000000000774590005000000000016266
08200002000000000000000056490000000000150080005000000000003152
08200002000000000000000055980000000000036360005000000000000764
08200002000000000000000056110000000000041320005000000000000868
08200002000000000000000056240000000000396690005000000000008331
08200002000000000000000056370000000000036360005000000000000764
08200002000000000000000055850000000000028930005000000000000607
08200002000000000000000056500000000000246740005000000000005181
08200002000000000000000055990000000000106360005000000000002234
08200002000000000000000056120000000000025120005000000000000528
08200002000000000000000056250000000000060330005000000000001267
08200002000000000000000056380000000000012520005000000000000263
08200002000000000000000055860000000000088390005000000000001856
08200002000000000000000056510000000000177690005000000000003731
08200002000000000000000056000000000000162930005000000000003422
08200002000000000000000056130000000000030990005000000000000651
08200002000000000000000056260000000000078510005000000000001649
08200002000000000000000056390000000000187850005000000000003945
08200002000000000000000055870000000000030990005000000000000651
08200002000000000000000056010000000000041320005000000000000868
08200002000000000000000056140000000000021400005000000000000450
08200002000000000000000056270000000000047520005000000000000998
08200002000000000000000056400000000000023140005000000000000486
08200002000000000000000055880000000000016530005000000000000347
08200002000000000000000056020000000000009920005000000000000208
08200002000000000000000056150000000000019010005000000000000399
08200002000000000000000056280000000000011570005000000000000243
08200002000000000000000056410000000000134340005000000000002821
08200002000000000000000055890000000000029750005000000000000625
08200002000000000000000056030000000000347110005000000000007289
08200002000000000000000056160000000000174590005000000000003666
08200002000000000000000056290000000000015700005000000000000330
08200002000000000000000056420000000000036360005000000000000764
08200002000000000000000055900000000000154710005000000000003249
08200002000000000000000056040000000000199670005000000000004193
08200002000000000000000056170000000000153720005000000000003228
08200002000000000000000056300000000000059500005000000000001250
08200002000000000000000056430000000000097930005000000000002057
08200002000000000000000055910000000000104340005000000000002191
08200002000000000000000056050000000000591740005000000000012426
08200002000000000000000056180000000000138840005000000000002916
08200002000000000000000056310000000000078510005000000000001649
08200002000000000000000056440000000000091280005000000000001917
08200002000000000000000055920000000000541610005000000000011374
08200002000000000000000056060000000000199230005000000000004184
08200002000000000000000056190000000000275410005000000000005784
08200002000000000000000056320000000000021490005000000000000451
08200002000000000000000055800000000000331320005000000000006958
08200002000000000000000056450000000000031400005000000000000660
08200002000000000000000055940000000000242980005000000000005102
08200002000000000000000056070000000000353390005000000000007421
08200002000000000000000056200000000000327480005000000000006877
08200002000000000000000056330000000000033880005000000000000712
08200002000000000000000055810000000000064460005000000000001354
08200002000000000000000056460000000000063180005000000000001327
08200002000000000000000055950000000000120660005000000000002534
08200002000000000000000056720000000000275000005000000000005775
08200002000000000000000056850000000000039630005000000000000832
08200002000000000000000056980000000000022310005000000000000469
08200002000000000000000057110000000000024790005000000000000521
08200002000000000000000056600000000000328310005000000000006894
08200002000000000000000056730000000000008260005000000000000174
08200002000000000000000056860000000000089260005000000000001874
08200002000000000000000056990000000000349170005000000000007333
08200002000000000000000057120000000000505370005000000000010613
08200002000000000000000056610000000000120660005000000000002534
08200002000000000000000056740000000000371900005000000000007810
08200002000000000000000056870000000000137190005000000000002881
08200002000000000000000057000000000000153060005000000000003214
08200002000000000000000057130000000000509170005000000000010693
08200002000000000000000056620000000000150410005000000000003159
08200002000000000000000056750000000000010740005000000000000226
08200002000000000000000056880000000000235540005000000000004946
08200002000000000000000057010000000000130080005000000000002732
08200002000000000000000057140000000000053880005000000000001132
08200002000000000000000056630000000000157690005000000000003311
08200002000000000000000056760000000000445000005000000000009345
08200002000000000000000056890000000000107440005000000000002256
08200002000000000000000057020000000000082640005000000000001736
08200002000000000000000056640000000000166610005000000000003499
08200002000000000000000056770000000000104630005000000000002197
08200002000000000000000056900000000000089260005000000000001874
08200002000000000000000057030000000000037190005000000000000781
08200002000000000000000056520000000000278640005000000000005851
08200002000000000000000056650000000000025580005000000000000537
08200002000000000000000056780000000000766360005000000000016094
08200002000000000000000056910000000000295870005000000000006213
08200002000000000000000057040000000000018020005000000000000378
08200002000000000000000056530000000000039670005000000000000833
08200002000000000000000056660000000000724170005000000000015208
08200002000000000000000056790000000000173550005000000000003645
08200002000000000000000056920000000000290700005000000000006105
08200002000000000000000057050000000000242230005000000000005087
08200002000000000000000056540000000000245700005000000000005160
08200002000000000000000056670000000000425620005000000000008938
08200002000000000000000056800000000000137190005000000000002881
08200002000000000000000056930000000000053720005000000000001128
08200002000000000000000057060000000000016530005000000000000347
08200002000000000000000056550000000000143350005000000000003010
08200002000000000000000056680000000000274380005000000000005762
08200002000000000000000056810000000000204130005000000000004287
08200002000000000000000056940000000000048350005000000000001015
08200002000000000000000057070000000000069420005000000000001458
08200002000000000000000056560000000000578510005000000000012149
08200002000000000000000056690000000000168430005000000000003537
08200002000000000000000056820000000000109090005000000000002291
08200002000000000000000056950000000000131450005000000000002760
08200002000000000000000057080000000000328640005000000000006901
08200002000000000000000056570000000000171400005000000000003600
08200002000000000000000056700000000000416940005000000000008756
08200002000000000000000056830000000000065290005000000000001371
08200002000000000000000056960000000000045450005000000000000955
08200002000000000000000057090000000000041320005000000000000868
08200002000000000000000056580000000000077930005000000000001637
08200002000000000000000056710000000000258260005000000000005424
08200002000000000000000056840000000000120660005000000000002534
08200002000000000000000056970000000000126900005000000000002665
08200002000000000000000057100000000000078510005000000000001649
08200002000000000000000056590000000000042980005000000000000902
08200002000000000000000057360000000000285210005000000000005989
08200002000000000000000057240000000000079590005000000000001671
08200002000000000000000057370000000000070620005000000000001483
08200002000000000000000057250000000000203390005000000000004271
08200002000000000000000057380000000000132230005000000000002777
08200002000000000000000057260000000000405790005000000000008521
08200002000000000000000057390000000000306690005000000000006441
08200002000000000000000057270000000000040500005000000000000850
08200002000000000000000057400000000000143800005000000000003020
08200002000000000000000057150000000000066940005000000000001406
08200002000000000000000057280000000000278680005000000000005852
08200002000000000000000057410000000000487020005000000000010228
08200002000000000000000057160000000000219340005000000000004606
08200002000000000000000057290000000000049590005000000000001041
08200002000000000000000057420000000000588020005000000000012348
08200002000000000000000057170000000000036360005000000000000764
08200002000000000000000057300000000000042150005000000000000885
08200002000000000000000057180000000000059090005000000000001241
08200002000000000000000057310000000000177690005000000000003731
08200002000000000000000057190000000000134710005000000000002829
08200002000000000000000057320000000000228100005000000000004790
08200002000000000000000057200000000000030740005000000000000646
08200002000000000000000057330000000000168350005000000000003535
08200002000000000000000057210000000000286780005000000000006022
08200002000000000000000057340000000000407810005000000000008564
08200002000000000000000057220000000000126450005000000000002655
08200002000000000000000057350000000000024790005000000000000521
08200002000000000000000057230000000000132230005000000000002777
08200002000000000000000057610000000000027270005000000000000573
08200002000000000000000057740000000000539300005000000000011325
08200002000000000000000057880000000000078930005000000000001657
08200002000000000000000058020000000000067890005000000000001426
08200002000000000000000057490000000000726450005000000000015255
08200002000000000000000057620000000000111570005000000000002343
08200002000000000000000057750000000000824380005000000000017312
08200002000000000000000057890000000000022310005000000000000469
08200002000000000000000058030000000000548800005000000000011525
08200002000000000000000057500000000000171030005000000000003592
08200002000000000000000057630000000000083060005000000000001744
08200002000000000000000057760000000000132600005000000000002785
08200002000000000000000057910000000000169420005000000000003558
08200002000000000000000058040000000000212890005000000000004471
08200002000000000000000057510000000000140910005000000000002959
08200002000000000000000057640000000000156200005000000000003280
08200002000000000000000057770000000000163220005000000000003428
08200002000000000000000057920000000000059420005000000000001248
08200002000000000000000058050000000000499590005000000000010491
08200002000000000000000057520000000000020660005000000000000434
08200002000000000000000057650000000000030000005000000000000630
08200002000000000000000057780000000000114380005000000000002402
08200002000000000000000057930000000000222310005000000000004669
08200002000000000000000058060000000000010830005000000000000227
08200002000000000000000057530000000000032230005000000000000677
08200002000000000000000057660000000000088880005000000000001867
08200002000000000000000057790000000000034340005000000000000721
08200002000000000000000057940000000000390500005000000000008200
08200002000000000000000058070000000000015700005000000000000330
08200002000000000000000057540000000000021490005000000000000451
08200002000000000000000057670000000000694050005000000000014575
08200002000000000000000057800000000000074380005000000000001562
08200002000000000000000057950000000000025620005000000000000538
08200002000000000000000058080000000000065290005000000000001371
08200002000000000000000057550000000000051240005000000000001076
08200002000000000000000057680000000000242980005000000000005102
08200002000000000000000057810000000000003310005000000000000069
08200002000000000000000057960000000000221820005000000000004658
08200002000000000000000057430000000000016530005000000000000347
08200002000000000000000058090000000000109500005000000000002300
08200002000000000000000057560000000000025620005000000000000538
08200002000000000000000057690000000000040500005000000000000850
08200002000000000000000057970000000000042360005000000000000889
08200002000000000000000057440000000000233720005000000000004908
08200002000000000000000058100000000000064460005000000000001354
08200002000000000000000057570000000000014880005000000000000312
08100002000000000000000000190000000000674380005000000000014162
08200002000000000000000057700000000000108390005000000000002276
08200002000000000000000057840000000000178680005000000000003752
08200002000000000000000057980000000000157020005000000000003298
08200002000000000000000057450000000000033020005000000000000693
08200002000000000000000058110000000000059500005000000000001250
08200002000000000000000057580000000000219010005000000000004599
08200002000000000000000057710000000000362810005000000000007619
08200002000000000000000057850000000000117360005000000000002464
08200002000000000000000057990000000000113970005000000000002393
08200002000000000000000057460000000000032360005000000000000679
08200002000000000000000057590000000000008260005000000000000174
08200002000000000000000057720000000000061980005000000000001302
08200002000000000000000057860000000000009830005000000000000207
08200002000000000000000058000000000000033060005000000000000694
08200002000000000000000057470000000000078930005000000000001657
08200002000000000000000057600000000000028510005000000000000599
08200002000000000000000057730000000000512400005000000000010760
08200002000000000000000057870000000000111570005000000000002343
08200002000000000000000058010000000000397930005000000000008357
08200002000000000000000057480000000000126320005000000000002653
08200002000000000000000058270000000000043140005000000000000906
08200002000000000000000058400000000000193720005000000000004068
08200002000000000000000058530000000000047360005000000000000994
08200002000000000000000058660000000000045450005000000000000955
08200002000000000000000058150000000000120660005000000000002534
08200002000000000000000058790000000000131530005000000000002762
08200002000000000000000058280000000000435950005000000000009155
08200002000000000000000058410000000000016530005000000000000347
08200002000000000000000058540000000000268970005000000000005648
08200002000000000000000058670000000000240990005000000000005061
08200002000000000000000058160000000000217770005000000000004573
08200002000000000000000058800000000000141980005000000000002982
08200002000000000000000058290000000000065280005000000000001371
08200002000000000000000058420000000000013720005000000000000288
08200002000000000000000058550000000000073550005000000000001545
08200002000000000000000058680000000000057190005000000000001201
08200002000000000000000058170000000000035540005000000000000746
08200002000000000000000058300000000000107440005000000000002256
08200002000000000000000058430000000000180990005000000000003801
08200002000000000000000058560000000000449550005000000000009440
08200002000000000000000058690000000000124340005000000000002611
08200002000000000000000058180000000000505370005000000000010613
08200002000000000000000058310000000000080580005000000000001692
08200002000000000000000058440000000000056200005000000000001180
08200002000000000000000058570000000000096570005000000000002028
08200002000000000000000058700000000000037190005000000000000781
08200002000000000000000058190000000000238430005000000000005007
08200002000000000000000058320000000000028100005000000000000590
08200002000000000000000058450000000000007020005000000000000148
08200002000000000000000058580000000000085290005000000000001791
08200002000000000000000058710000000000015660005000000000000329
08200002000000000000000058200000000000331610005000000000006964
08200002000000000000000058330000000000043390005000000000000911
08200002000000000000000058460000000000288430005000000000006057
08200002000000000000000058590000000000079750005000000000001675
08200002000000000000000058720000000000023140005000000000000486
08200002000000000000000058210000000000285120005000000000005988
08200002000000000000000058340000000000078510005000000000001649
08200002000000000000000058470000000000139090005000000000002921
08200002000000000000000058600000000000026450005000000000000555
08200002000000000000000058730000000000157810005000000000003314
08200002000000000000000058220000000000060330005000000000001267
08200002000000000000000058350000000000578510005000000000012149
08200002000000000000000058480000000000327270005000000000006873
08200002000000000000000058610000000000059550005000000000001250
08200002000000000000000058740000000000271900005000000000005710
08200002000000000000000058230000000000126320005000000000002653
08200002000000000000000058360000000000715700005000000000015030
08200002000000000000000058490000000000078510005000000000001649
08200002000000000000000058620000000000078510005000000000001649
08200002000000000000000058750000000000315950005000000000006635
08200002000000000000000058240000000000120660005000000000002534
08200002000000000000000058370000000000214090005000000000004496
08200002000000000000000058500000000000036490005000000000000766
08200002000000000000000058630000000000239170005000000000005023
08200002000000000000000058120000000000476070005000000000009998
08200002000000000000000058760000000000065620005000000000001378
08200002000000000000000058250000000000045580005000000000000957
08200002000000000000000058380000000000195660005000000000004109
08200002000000000000000058510000000000053720005000000000001128
08200002000000000000000058640000000000124750005000000000002620
08200002000000000000000058130000000000648140005000000000013611
08200002000000000000000058770000000000095450005000000000002005
08200002000000000000000058260000000000013220005000000000000278
08200002000000000000000058390000000000016650005000000000000350
08200002000000000000000058520000000000162310005000000000003409
08200002000000000000000058650000000000052070005000000000001093
08200002000000000000000058140000000000123970005000000000002603
08200002000000000000000058780000000000102560005000000000002154
08200002000000000000000058910000000000346860005000000000007284
08200002000000000000000059040000000000180870005000000000003798
08200002000000000000000059170000000000079340005000000000001666
08200002000000000000000059300000000000133840005000000000002811
08200002000000000000000058920000000000014550005000000000000305
08200002000000000000000059050000000000087600005000000000001840
08200002000000000000000059180000000000079340005000000000001666
08200002000000000000000059310000000000570170005000000000011973
08200002000000000000000058930000000000034710005000000000000729
08200002000000000000000059060000000000096690005000000000002031
08200002000000000000000059190000000000748720005000000000015723
08200002000000000000000059320000000000128930005000000000002707
08200002000000000000000058810000000000099170005000000000002083
08200002000000000000000058940000000000271740005000000000005706
08200002000000000000000059070000000000048930005000000000001027
08200002000000000000000059200000000000174710005000000000003669
08200002000000000000000059330000000000259500005000000000005450
08200002000000000000000058820000000000025620005000000000000538
08200002000000000000000058950000000000203510005000000000004274
08200002000000000000000059080000000000159920005000000000003358
08200002000000000000000059210000000000115700005000000000002430
08200002000000000000000059340000000000015210005000000000000319
08200002000000000000000058830000000000103800005000000000002180
08200002000000000000000058960000000000020620005000000000000433
08200002000000000000000059090000000000021690005000000000000456
08200002000000000000000059220000000000241320005000000000005068
08200002000000000000000059350000000000114130005000000000002397
08200002000000000000000058840000000000009090005000000000000191
08200002000000000000000058970000000000395870005000000000008313
08200002000000000000000059100000000000054920005000000000001153
08200002000000000000000059230000000000386780005000000000008122
08200002000000000000000059360000000000079920005000000000001678
08200002000000000000000058850000000000184880005000000000003882
08200002000000000000000058980000000000150450005000000000003160
08200002000000000000000059110000000000140500005000000000002950
08200002000000000000000059240000000000120660005000000000002534
08200002000000000000000059370000000000384090005000000000008066
08200002000000000000000058860000000000348550005000000000007320
08200002000000000000000058990000000000009920005000000000000208
08200002000000000000000059120000000000061980005000000000001302
08200002000000000000000059250000000000578510005000000000012149
08200002000000000000000059380000000000070080005000000000001472
08200002000000000000000058870000000000171900005000000000003610
08200002000000000000000059000000000000273500005000000000005744
08200002000000000000000059130000000000084050005000000000001765
08200002000000000000000059260000000000312400005000000000006560
08200002000000000000000059390000000000084300005000000000001770
08200002000000000000000058880000000000030210005000000000000634
08200002000000000000000059010000000000206820005000000000004343
08200002000000000000000059140000000000115290005000000000002421
08200002000000000000000059270000000000137730005000000000002892
08200002000000000000000059400000000000086740005000000000001821
08200002000000000000000058890000000000023140005000000000000486
08200002000000000000000059020000000000260330005000000000005467
08200002000000000000000059150000000000067440005000000000001416
08200002000000000000000059280000000000045450005000000000000955
08200002000000000000000058900000000000285950005000000000006005
08200002000000000000000059030000000000016530005000000000000347
08200002000000000000000059160000000000132230005000000000002777
08200002000000000000000059290000000000396280005000000000008322
