08200002000000000008000001510000000000206030005000000000004327
08200002000000000008000001520000000000124300005000000000002610
08200002000000000008000001530000000000057400005000000000001205
08200002000000000008000001540000000000280830005000000000005897
08200002000000000008000001550000000000027270005000000000000573
08200002000000000008000001560000000000185950005000000000003905
08200002000000000008000001570000000000180170005000000000003783
08200002000000000008000001580000000000099170005000000000002083
08200002000000000008000001590000000000057850005000000000001215
08200002000000000008000001600000000000602480005000000000012652
08200002000000000008000001610000000000090500005000000000001900
08200002000000000008000001620000000000113510005000000000002384
08200002000000000008000001630000000000373220005000000000007838
08200002000000000008000001640000000000185790005000000000003901
08200002000000000008000001650000000000274380005000000000005762
08200002000000000008000001660000000000082640005000000000001736
08200002000000000008000001670000000000069420005000000000001458
08200002000000000008000001680000000000190080005000000000003992
08200002000000000008000001690000000000132850005000000000002790
08200002000000000008000001700000000000067770005000000000001423
08200002000000000008000001710000000000656280005000000000013782
08200002000000000008000001720000000000656280005000000000013782
08200002000000000008000001730000000000000000005000000000000000
08200002000000000008000001740000000000000000005000000000000000
08200002000000000008000001750000000000000000005000000000000000
08200002000000000008000001760000000000155370005000000000003263
08200002000000000008000001770000000000211240005000000000004436
08200002000000000008000001780000000000358680005000000000007532
08200002000000000008000001790000000000254910005000000000005353
08200002000000000008000001800000000000395910005000000000008314
08200002000000000008000001810000000000616820005000000000012953
08200002000000000008000001820000000000266550005000000000005597
08200002000000000008000001830000000000263030005000000000005524
08200002000000000008000001840000000000076450005000000000001605
08200002000000000008000001850000000000142150005000000000002985
0820000200000000000800000186000000001,326820005000000000027863
08200002000000000008000001870000000000000000005000000000000000
08200002000000000008000001880000000000168600005000000000003540
08200002000000000008000001890000000000148680005000000000003122
08200002000000000008000001900000000000066280005000000000001392
08200002000000000008000001910000000000114880005000000000002412
08200002000000000008000001920000000000101820005000000000002138
08200002000000000008000001930000000000228430005000000000004797
08200002000000000008000001940000000000021490005000000000000451
08200002000000000008000001950000000000252230005000000000005297
08200002000000000008000001960000000000266120005000000000005588
08200002000000000008000001970000000000173550005000000000003645
08200002000000000008000001980000000000029590005000000000000621
08200002000000000008000001990000000000104130005000000000002187
08200002000000000008000002000000000000011980005000000000000252
08200002000000000008000002010000000000107110005000000000002249
08200002000000000008000002020000000000168760005000000000003544
08200002000000000008000002030000000000000830005000000000000017
08200002000000000008000002040000000000119830005000000000002517
08200002000000000008000002050000000000084960005000000000001784
08200002000000000008000002060000000000024790005000000000000521
08200002000000000008000002070000000000097190005000000000002041
08200002000000000008000002080000000000796820005000000000016733
08200002000000000008000002090000000000566740005000000000011901
08200002000000000008000002100000000000053720005000000000001128
08200002000000000008000002110000000000222310005000000000004669
08200002000000000008000002120000000000554380005000000000011642
08200002000000000008000002130000000000559340005000000000011746
08200002000000000008000002140000000000132810005000000000002789
08200002000000000008000002150000000000559340005000000000011746
08200002000000000008000002170000000000108600005000000000002280
08200002000000000008000002180000000000269830005000000000005667
08200002000000000008000002190000000000061980005000000000001302
08200002000000000008000002200000000000267890005000000000005626
08200002000000000008000002210000000000138840005000000000002916
08200002000000000008000002220000000000198350005000000000004165
08200002000000000008000002230000000000072270005000000000001518
08200002000000000008000002240000000000081120005000000000001703
08200002000000000008000002250000000000123880005000000000002602
08200002000000000008000002260000000000180580005000000000003792
08200002000000000008000002270000000000103760005000000000002179
08200002000000000008000002280000000000174960005000000000003674
08200002000000000008000002290000000000161820005000000000003398
08200002000000000008000002300000000000136780005000000000002872
08200002000000000008000002310000000000075410005000000000001584
08200002000000000008000002320000000000426860005000000000008964
08200002000000000008000002330000000000017480005000000000000367
08200002000000000008000002340000000000019010005000000000000399
08200002000000000008000002350000000000083720005000000000001758
08200002000000000008000002360000000000050410005000000000001059
08200002000000000008000002370000000000105790005000000000002221
08200002000000000008000002380000000000292560005000000000006144
08200002000000000008000002390000000000195540005000000000004106
08200002000000000008000002400000000000237690005000000000004991
08200002000000000008000002410000000000074630005000000000001567
08200002000000000008000002420000000000096280005000000000002022
08200002000000000008000002430000000000075040005000000000001576
08200002000000000008000002440000000000250700005000000000005265
08200002000000000008000002450000000000169590005000000000003561
08200002000000000008000002460000000000292770005000000000006148
08200002000000000008000002470000000000030580005000000000000642
08200002000000000008000002480000000000107440005000000000002256
08200002000000000008000002490000000000092810005000000000001949
08200002000000000008000002500000000000169420005000000000003558
08200002000000000008000002510000000000140170005000000000002943
08200002000000000008000002520000000000384300005000000000008070
08200002000000000008000002530000000000322310005000000000006769
08200002000000000008000002540000000000378470005000000000007948
08200002000000000008000002550000000000030170005000000000000633
08200002000000000008000002560000000000024550005000000000000515
08200002000000000008000002570000000000031160005000000000000654
08200002000000000008000002580000000000098260005000000000002064
08200002000000000008000002590000000000027110005000000000000569
