08100002000000000000000000080000000000498200005000000000010462
08200002000000000000000017710000000000126280005000000000002652
08200002000000000000000017720000000000090740005000000000001906
08200002000000000000000017730000000000261900005000000000005500
08200002000000000000000017740000000000125040005000000000002626
08200002000000000000000017750000000000077690005000000000001631
08200002000000000000000017760000000000078260005000000000001644
08200002000000000000000017770000000000615870005000000000012933
08200002000000000000000017780000000000077730005000000000001632
08200002000000000000000017790000000000176030005000000000003697
08200002000000000000000017800000000000104550005000000000002195
08200002000000000000000017810000000000017770005000000000000373
08200002000000000000000017820000000000033840005000000000000711
08200002000000000000000017830000000000123970005000000000002603
08200002000000000000000017840000000000491490005000000000010321
08200002000000000000000017850000000000245870005000000000005163
08200002000000000000000017860000000000147600005000000000003100
08200002000000000000000017870000000000231400005000000000004860
08200002000000000000000017880000000000190740005000000000004006
08200002000000000000000017890000000000111860005000000000002349
08200002000000000000000017900000000000441320005000000000009268
08200002000000000000000017910000000000079170005000000000001663
08200002000000000000000017920000000000335790005000000000007051
08200002000000000000000017930000000000096570005000000000002028
08200002000000000000000017940000000000256280005000000000005382
08200002000000000000000017950000000000221490005000000000004651
08200002000000000000000017960000000000014550005000000000000305
08200002000000000000000017970000000000506780005000000000010642
08200002000000000000000017980000000000003220005000000000000068
08200002000000000000000017990000000000311570005000000000006543
08200002000000000000000018000000000000029670005000000000000623
08200002000000000000000018010000000000035790005000000000000751
08200002000000000000000018020000000000139670005000000000002933
08200002000000000000000018030000000000017360005000000000000364
08200002000000000000000018040000000000068600005000000000001440
08200002000000000000000018050000000000044630005000000000000937
08200002000000000000000018060000000000319550005000000000006710
08200002000000000000000018070000000000209920005000000000004408
08200002000000000000000018080000000000112640005000000000002366
08200002000000000000000018090000000000131740005000000000002766
08200002000000000000000018100000000000116530005000000000002447
08200002000000000000000018110000000000383970005000000000008063
08200002000000000000000018120000000000104380005000000000002192
08200002000000000000000018130000000000176030005000000000003697
08200002000000000000000018140000000000162190005000000000003406
08200002000000000000000018150000000000038970005000000000000818
08200002000000000000000018160000000000204960005000000000004304
08200002000000000000000018170000000000232480005000000000004882
08200002000000000000000018180000000000088510005000000000001859
08200002000000000000000018190000000000050410005000000000001059
08200002000000000000000018200000000000039670005000000000000833
08200002000000000000000018210000000000150040005000000000003151
08200002000000000000000018220000000000575210005000000000012079
08200002000000000000000018230000000000026690005000000000000561
08200002000000000000000018240000000000062690005000000000001316
08200002000000000000000018250000000000440500005000000000009250
08200002000000000000000018260000000000040500005000000000000850
08200002000000000000000018270000000000162640005000000000003416
08200002000000000000000018280000000000101820005000000000002138
08200002000000000000000018290000000000071900005000000000001510
08200002000000000000000018300000000000031980005000000000000672
08200002000000000000000018310000000000152730005000000000003207
08200002000000000000000018320000000000063550005000000000001335
08200002000000000000000018330000000000092600005000000000001945
08200002000000000000000018340000000000212070005000000000004453
08200002000000000000000018350000000000163220005000000000003428
08200002000000000000000018360000000000071740005000000000001506
08200002000000000000000018370000000000032230005000000000000677
08200002000000000000000018380000000000042560005000000000000894
08200002000000000000000018390000000000019590005000000000000411
08200002000000000000000018400000000000207770005000000000004363
08200002000000000000000018410000000000035700005000000000000750
08200002000000000000000018420000000000067600005000000000001420
08200002000000000000000018430000000000457020005000000000009598
08200002000000000000000018440000000000041320005000000000000868
08200002000000000000000018450000000000023880005000000000000502
08200002000000000000000018460000000000283800005000000000005960
08200002000000000000000018470000000000042850005000000000000900
08200002000000000000000018480000000000189750005000000000003985
08200002000000000000000018490000000000286240005000000000006011
08200002000000000000000018500000000000079340005000000000001666
08200002000000000000000018510000000000091940005000000000001931
08200002000000000000000018520000000000104050005000000000002185
08200002000000000000000018530000000000058880005000000000001237
08200002000000000000000018540000000000052480005000000000001102
08200002000000000000000018550000000000057270005000000000001203
08200002000000000000000018560000000000119880005000000000002517
08200002000000000000000018570000000000133760005000000000002809
08200002000000000000000018580000000000117110005000000000002459
08200002000000000000000018590000000000126450005000000000002655
08200002000000000000000018600000000000286030005000000000006007
08200002000000000000000018610000000000186280005000000000003912
08200002000000000000000018620000000000352310005000000000007399
08200002000000000000000018630000000000105790005000000000002221
08200002000000000000000018640000000000153930005000000000003232
08200002000000000000000018650000000000025290005000000000000531
08200002000000000000000018660000000000195870005000000000004113
08200002000000000000000018670000000000195620005000000000004108
08200002000000000000000018680000000000229500005000000000004820
08200002000000000000000018690000000000111820005000000000002348
08200002000000000000000018700000000000072600005000000000001525
08200002000000000000000018710000000000388840005000000000008166
08200002000000000000000018720000000000397770005000000000008353
08200002000000000000000018730000000000204380005000000000004292
08200002000000000000000018740000000000043390005000000000000911
08200002000000000000000018750000000000384710005000000000008079
08200002000000000000000018760000000000052070005000000000001093
08200002000000000000000018770000000000216740005000000000004551
08200002000000000000000018780000000000203310005000000000004269
08200002000000000000000018790000000000086450005000000000001815
08200002000000000000000018800000000000060910005000000000001279
08200002000000000000000018810000000000133880005000000000002812
08200002000000000000000018820000000000029090005000000000000611
08200002000000000000000018830000000000672600005000000000014125
08200002000000000000000018840000000000213180005000000000004477
08200002000000000000000018850000000000219010005000000000004599
08200002000000000000000018860000000000021900005000000000000460
08200002000000000000000018870000000000070660005000000000001484
08200002000000000000000018880000000000403220005000000000008468
08200002000000000000000018890000000000051820005000000000001088
08200002000000000000000018900000000000210620005000000000004423
08200002000000000000000018910000000000206450005000000000004335
08200002000000000000000018920000000000094210005000000000001979
08200002000000000000000018930000000000074380005000000000001562
08200002000000000000000018940000000000082640005000000000001736
08200002000000000000000018950000000000076530005000000000001607
08200002000000000000000018960000000000074380005000000000001562
08200002000000000000000018970000000000114300005000000000002400
08200002000000000000000018980000000000266940005000000000005606
08200002000000000000000018990000000000343760005000000000007219
08200002000000000000000019000000000000078510005000000000001649
08200002000000000000000019010000000000233470005000000000004903
08200002000000000000000019020000000000066940005000000000001406
08200002000000000000000019030000000001739260005000000000036524
08200002000000000000000019040000000000151160005000000000003174
08200002000000000000000019050000000000035120005000000000000738
08200002000000000000000019060000000000113470005000000000002383
08200002000000000000000019070000000000031200005000000000000655
08200002000000000000000019080000000000242150005000000000005085
08200002000000000000000019090000000000228930005000000000004807
08200002000000000000000019100000000000172930005000000000003632
08200002000000000000000019110000000000121240005000000000002546
08200002000000000000000019120000000000112560005000000000002364
08200002000000000000000019130000000000044710005000000000000939
08200002000000000000000019140000000000181490005000000000003811
08200002000000000000000019150000000000178680005000000000003752
08200002000000000000000019160000000000034710005000000000000729
08200002000000000000000019170000000000057850005000000000001215
08200002000000000000000019180000000000144550005000000000003035
08200002000000000000000019190000000000225620005000000000004738
08200002000000000000000019200000000000110500005000000000002320
08200002000000000000000019210000000000310080005000000000006512
08200002000000000000000019220000000000167400005000000000003515
08200002000000000000000019230000000000559420005000000000011748
08200002000000000000000019240000000000103800005000000000002180
08200002000000000000000019250000000000344630005000000000007237
08200002000000000000000019260000000000163140005000000000003426
08200002000000000000000019270000000000257270005000000000005403
08200002000000000000000019280000000000049090005000000000001031
08200002000000000000000019290000000000248020005000000000005208
08200002000000000000000019300000000000730500005000000000015340
08200002000000000000000019310000000000243800005000000000005120
08200002000000000000000019320000000000061360005000000000001289
08200002000000000000000019330000000000072730005000000000001527
08200002000000000000000019340000000000260740005000000000005476
08200002000000000000000019350000000000283680005000000000005957
08200002000000000000000019360000000000101240005000000000002126
08200002000000000000000019370000000000133880005000000000002812
08200002000000000000000019380000000000542980005000000000011402
08200002000000000000000019390000000000301650005000000000006335
08200002000000000000000019400000000000304960005000000000006404
08200002000000000000000019410000000000160120005000000000003363
08200002000000000000000019420000000000217150005000000000004560
08200002000000000000000019430000000000152480005000000000003202
08200002000000000000000019440000000000144960005000000000003044
08200002000000000000000019450000000000082400005000000000001730
08200002000000000000000019460000000000196030005000000000004117
08200002000000000000000019470000000000288430005000000000006057
08200002000000000000000019480000000000114050005000000000002395
08200002000000000000000019490000000000145040005000000000003046
08200002000000000000000019500000000000396690005000000000008331
08200002000000000000000019510000000000105370005000000000002213
08200002000000000000000019520000000000024380005000000000000512
08200002000000000000000019530000000000175540005000000000003686
08200002000000000000000019540000000000697150005000000000014640
08200002000000000000000019550000000000185120005000000000003888
08200002000000000000000019560000000000320700005000000000006735
08200002000000000000000019570000000000133880005000000000002812
08200002000000000000000019580000000000034630005000000000000727
08200002000000000000000019590000000000128180005000000000002692
08200002000000000000000019600000000000049420005000000000001038
08200002000000000000000019610000000000383220005000000000008048
08200002000000000000000019620000000000051650005000000000001085
08200002000000000000000019630000000000055450005000000000001165
08200002000000000000000019640000000000080990005000000000001701
08200002000000000000000019650000000000069830005000000000001467
08200002000000000000000019660000000000165290005000000000003471
08200002000000000000000019670000000000471070005000000000009893
08200002000000000000000019680000000000242310005000000000005089
08200002000000000000000019690000000000167640005000000000003521
08200002000000000000000019700000000000442020005000000000009283
08200002000000000000000019710000000000039260005000000000000824
08200002000000000000000019720000000000029750005000000000000625
08200002000000000000000019730000000000078510005000000000001649
08200002000000000000000019740000000000267770005000000000005623
08200002000000000000000019750000000000297520005000000000006248
08200002000000000000000019760000000000145790005000000000003061
08200002000000000000000019780000000000081400005000000000001710
08200002000000000000000019790000000000277190005000000000005821
08200002000000000000000019800000000000252070005000000000005293
08200002000000000000000019810000000000184710005000000000003879
08200002000000000000000019820000000000087190005000000000001831
08200002000000000000000019830000000000058260005000000000001224
08200002000000000000000019840000000000533060005000000000011194
08200002000000000000000019850000000000285330005000000000005992
08200002000000000000000019860000000000118510005000000000002489
08200002000000000000000019870000000000436360005000000000009164
08200002000000000000000019880000000000366940005000000000007706
08200002000000000000000019890000000000131740005000000000002766
08200002000000000000000019900000000000359500005000000000007550
08200002000000000000000019910000000000168180005000000000003532
08200002000000000000000019920000000000397730005000000000008352
08200002000000000000000019930000000000355790005000000000007471
08200002000000000000000019940000000000135450005000000000002845
08200002000000000000000019950000000000171900005000000000003610
08200002000000000000000019960000000000386900005000000000008125
08200002000000000000000019970000000000097110005000000000002039
08200002000000000000000019980000000000077480005000000000001627
08200002000000000000000019990000000000228100005000000000004790
08200002000000000000000020000000000000619420005000000000013008
08200002000000000000000020010000000000258930005000000000005437
08200002000000000000000020020000000000035120005000000000000738
08200002000000000000000020030000000000101780005000000000002137
08200002000000000000000020040000000000490580005000000000010302
08200002000000000000000020050000000000295450005000000000006205
08200002000000000000000020060000000000112980005000000000002372
08200002000000000000000020070000000000173550005000000000003645
08200002000000000000000020080000000000057020005000000000001198
08200002000000000000000020090000000000082070005000000000001723
08200002000000000000000020100000000000128260005000000000002694
08200002000000000000000020110000000000033880005000000000000712
08200002000000000000000020120000000000061740005000000000001296
08200002000000000000000020130000000000118140005000000000002481
08200002000000000000000020140000000000346360005000000000007274
08200002000000000000000020150000000000216530005000000000004547
08200002000000000000000020160000000000177730005000000000003732
08200002000000000000000020170000000000247150005000000000005190
08200002000000000000000020180000000000208180005000000000004372
08200002000000000000000020190000000000305790005000000000006421
08200002000000000000000020200000000000104550005000000000002195
08200002000000000000000020210000000000040290005000000000000846
08200002000000000000000020220000000000369960005000000000007769
08200002000000000000000020230000000000054630005000000000001147
08200002000000000000000020240000000000202480005000000000004252
08200002000000000000000020250000000000065410005000000000001374
08200002000000000000000020260000000000080330005000000000001687
08200002000000000000000020270000000000015210005000000000000319
08200002000000000000000020280000000000484010005000000000010164
08200002000000000000000020290000000000375790005000000000007891
08200002000000000000000020300000000000022110005000000000000464
08200002000000000000000020310000000000038640005000000000000811
08200002000000000000000020320000000000077360005000000000001624
08200002000000000000000020330000000000126780005000000000002662
08200002000000000000000020340000000000233020005000000000004893
08200002000000000000000020350000000000200910005000000000004219
08200002000000000000000020360000000000197690005000000000004151
08200002000000000000000020370000000000150830005000000000003167
08200002000000000000000020380000000000260660005000000000005474
08200002000000000000000020390000000000406160005000000000008529
08200002000000000000000020400000000000032640005000000000000686
08200002000000000000000020410000000000262310005000000000005509
08200002000000000000000020420000000000065370005000000000001373
08200002000000000000000020430000000000691120005000000000014513
08200002000000000000000020440000000000498390005000000000010466
08200002000000000000000020450000000000108100005000000000002270
08200002000000000000000020460000000000022310005000000000000469
08200002000000000000000020470000000000301650005000000000006335
08200002000000000000000020480000000000283470005000000000005953
08200002000000000000000020490000000000306740005000000000006441
08200002000000000000000020500000000000327270005000000000006873
08200002000000000000000020510000000000128930005000000000002707
08200002000000000000000020520000000000172890005000000000003631
08200002000000000000000020530000000000114050005000000000002395
08200002000000000000000020540000000000034630005000000000000727
08200002000000000000000020550000000000089500005000000000001880
08200002000000000000000020560000000000095870005000000000002013
08200002000000000000000020570000000000322560005000000000006774
08200002000000000000000020580000000000026450005000000000000555
08200002000000000000000020590000000000364630005000000000007657
08200002000000000000000020600000000000165290005000000000003471
08200002000000000000000020610000000000010740005000000000000226
08200002000000000000000020620000000000082890005000000000001741
08200002000000000000000020630000000000238680005000000000005012
08200002000000000000000020640000000000094550005000000000001985
08200002000000000000000020650000000000030870005000000000000648
08200002000000000000000020660000000000102150005000000000002145
08200002000000000000000020670000000000470990005000000000009891
08200002000000000000000020680000000000130830005000000000002747
08200002000000000000000020690000000000125450005000000000002635
08200002000000000000000020700000000000225700005000000000004740
08200002000000000000000020710000000000258100005000000000005420
08200002000000000000000020720000000000164960005000000000003464
08200002000000000000000020730000000000136860005000000000002874
08200002000000000000000020740000000000132230005000000000002777
08200002000000000000000020750000000000090080005000000000001892
08200002000000000000000020760000000000333800005000000000007010
08200002000000000000000020770000000000164050005000000000003445
08200002000000000000000020780000000000137890005000000000002896
08200002000000000000000020790000000000132400005000000000002780
08200002000000000000000020800000000000276860005000000000005814
08200002000000000000000020810000000000113310005000000000002379
08200002000000000000000020820000000000140990005000000000002961
08200002000000000000000020830000000000244300005000000000005130
08200002000000000000000020840000000000219830005000000000004617
08200002000000000000000020850000000000024420005000000000000513
08200002000000000000000020860000000000041320005000000000000868
08200002000000000000000020870000000000023140005000000000000486
08200002000000000000000020880000000000204550005000000000004295
08200002000000000000000020890000000000123970005000000000002603
08200002000000000000000020900000000000273220005000000000005738
08200002000000000000000020910000000000407020005000000000008548
08200002000000000000000020920000000000361650005000000000007595
08200002000000000000000020930000000000079170005000000000001663
08200002000000000000000020940000000000164050005000000000003445
08200002000000000000000020950000000000003220005000000000000068
08200002000000000000000020970000000000155410005000000000003264
08200002000000000000000020980000000000119010005000000000002499
08200002000000000000000020990000000000048510005000000000001019
08200002000000000000000021000000000000451240005000000000009476
08200002000000000000000021010000000000113220005000000000002378
08200002000000000000000021020000000000374050005000000000007855
08200002000000000000000021030000000000152070005000000000003193
08200002000000000000000021040000000000254790005000000000005351
08200002000000000000000021050000000000322310005000000000006769
08200002000000000000000021060000000000104960005000000000002204
08200002000000000000000021070000000000076530005000000000001607
08200002000000000000000021080000000000121240005000000000002546
08200002000000000000000021090000000000562930005000000000011822
08200002000000000000000021100000000000353720005000000000007428
08200002000000000000000021110000000000146780005000000000003082
08200002000000000000000021120000000000195040005000000000004096
08200002000000000000000021130000000000190500005000000000004000
08200002000000000000000021140000000000089260005000000000001874
08200002000000000000000021150000000000028510005000000000000599
08200002000000000000000021160000000000167520005000000000003518
08200002000000000000000021170000000000169960005000000000003569
08200002000000000000000021180000000000049590005000000000001041
08200002000000000000000021190000000000107440005000000000002256
08200002000000000000000021200000000000104210005000000000002189
08200002000000000000000021210000000000026030005000000000000547
08200002000000000000000021220000000000033140005000000000000696
08200002000000000000000021230000000000510330005000000000010717
08200002000000000000000021250000000000438840005000000000009216
08200002000000000000000021260000000000214050005000000000004495
08200002000000000000000021270000000000093800005000000000001970
08200002000000000000000021280000000000099170005000000000002083
08200002000000000000000021290000000000300790005000000000006316
08200002000000000000000021300000000000046280005000000000000972
08200002000000000000000021310000000000003220005000000000000068
08200002000000000000000021320000000000222310005000000000004669
08200002000000000000000021330000000000031400005000000000000660
08200002000000000000000021340000000000142150005000000000002985
08200002000000000000000021350000000000025830005000000000000542
08200002000000000000000021360000000000180990005000000000003801
08200002000000000000000021370000000000230000005000000000004830
08200002000000000000000021380000000000029750005000000000000625
08200002000000000000000021390000000000073310005000000000001539
08200002000000000000000021400000000000152890005000000000003211
08200002000000000000000021410000000000255910005000000000005374
08200002000000000000000021420000000000034960005000000000000734
08200002000000000000000021430000000000031650005000000000000665
08200002000000000000000021440000000000092560005000000000001944
08200002000000000000000021450000000000049170005000000000001033
08200002000000000000000021460000000000059830005000000000001257
08200002000000000000000021470000000000328930005000000000006907
08200002000000000000000021480000000000150080005000000000003152
08200002000000000000000021490000000000362020005000000000007603
08200002000000000000000021500000000000099340005000000000002086
08200002000000000000000021510000000000055210005000000000001159
08200002000000000000000021520000000000009010005000000000000189
08200002000000000000000021530000000000313220005000000000006578
08200002000000000000000021540000000000037190005000000000000781
08200002000000000000000021550000000000322310005000000000006769
08200002000000000000000021560000000000074170005000000000001557
08200002000000000000000021570000000000044630005000000000000937
08200002000000000000000021580000000000413220005000000000008678
08200002000000000000000021590000000000144300005000000000003030
08200002000000000000000021600000000000151400005000000000003180
08200002000000000000000021610000000000038020005000000000000798
08200002000000000000000021620000000000022770005000000000000478
08200002000000000000000021630000000000331740005000000000006966
08200002000000000000000021640000000000023510005000000000000494
08200002000000000000000021650000000000061160005000000000001284
08200002000000000000000021660000000000033220005000000000000698
08200002000000000000000021670000000000140660005000000000002954
08200002000000000000000021680000000000039710005000000000000834
08200002000000000000000021690000000000107270005000000000002253
08200002000000000000000021700000000000022730005000000000000477
08200002000000000000000021710000000000026940005000000000000566
08200002000000000000000021720000000000221740005000000000004656
08200002000000000000000021730000000000129750005000000000002725
08200002000000000000000021740000000000694210005000000000014579
08200002000000000000000021750000000000240500005000000000005050
08200002000000000000000021760000000000200410005000000000004209
08200002000000000000000021770000000000150830005000000000003167
08200002000000000000000021780000000000682640005000000000014336
08200002000000000000000021790000000000074380005000000000001562
08200002000000000000000021800000000000058510005000000000001229
08200002000000000000000021810000000000325790005000000000006841
08200002000000000000000021820000000000210540005000000000004421
08200002000000000000000021830000000000134500005000000000002825
08200002000000000000000021840000000000054750005000000000001150
08200002000000000000000021850000000000077230005000000000001622
08200002000000000000000021860000000000405170005000000000008508
08200002000000000000000021870000000000202480005000000000004252
08200002000000000000000021880000000000140830005000000000002957
08200002000000000000000021890000000000128970005000000000002708
08200002000000000000000021900000000000573060005000000000012034
08200002000000000000000021910000000000188430005000000000003957
08200002000000000000000021920000000000157890005000000000003316
08200002000000000000000021930000000000185950005000000000003905
08200002000000000000000021940000000000172730005000000000003627
08200002000000000000000021950000000000164460005000000000003454
08200002000000000000000021960000000000343800005000000000007220
08200002000000000000000021970000000000057600005000000000001210
08200002000000000000000021980000000000074380005000000000001562
08200002000000000000000021990000000000334750005000000000007030
08200002000000000000000022000000000000003220005000000000000068
08200002000000000000000022010000000000034790005000000000000731
08200002000000000000000022020000000000088430005000000000001857
08200002000000000000000022030000000000461570005000000000009693
08200002000000000000000022040000000000114130005000000000002397
08200002000000000000000022050000000000368600005000000000007740
08200002000000000000000022060000000000178840005000000000003756
08200002000000000000000022070000000000120660005000000000002534
08200002000000000000000022080000000000094830005000000000001992
08200002000000000000000022090000000000271570005000000000005703
08200002000000000000000022100000000000099170005000000000002083
08200002000000000000000022110000000000306610005000000000006439
08200002000000000000000022120000000000812480005000000000017062
08200002000000000000000022130000000000173550005000000000003645
08200002000000000000000022140000000000281400005000000000005910
08200002000000000000000022150000000000488720005000000000010263
08200002000000000000000022160000000000175950005000000000003695
08200002000000000000000022170000000000126030005000000000002647
08200002000000000000000022180000000000556530005000000000011687
08200002000000000000000022190000000000494460005000000000010384
08200002000000000000000022200000000000209830005000000000004407
08200002000000000000000022210000000000077690005000000000001631
08200002000000000000000022220000000000181980005000000000003822
08200002000000000000000022230000000000119010005000000000002499
08200002000000000000000022240000000000651820005000000000013688
08200002000000000000000022250000000000082640005000000000001736
08200002000000000000000022260000000000251570005000000000005283
08200002000000000000000022270000000000066610005000000000001399
08200002000000000000000022290000000000189920005000000000003988
08200002000000000000000022300000000000042270005000000000000888
08200002000000000000000022310000000000052480005000000000001102
08200002000000000000000022320000000000131740005000000000002766
08200002000000000000000022330000000000252810005000000000005309
08200002000000000000000022340000000000025210005000000000000529
08200002000000000000000022350000000000114630005000000000002407
08200002000000000000000022360000000000306200005000000000006430
08200002000000000000000022370000000000030250005000000000000635
08200002000000000000000022380000000000132690005000000000002786
08200002000000000000000022390000000000199920005000000000004198
08200002000000000000000022400000000000029750005000000000000625
08200002000000000000000022410000000000126120005000000000002648
08200002000000000000000022420000000000095040005000000000001996
08200002000000000000000022430000000000474590005000000000009966
08200002000000000000000022440000000000162640005000000000003416
08200002000000000000000022450000000000156860005000000000003294
08200002000000000000000022460000000000162400005000000000003410
08200002000000000000000022470000000000073720005000000000001548
08200002000000000000000022480000000000162640005000000000003416
08200002000000000000000022490000000000165620005000000000003478
08200002000000000000000022500000000000083880005000000000001762
08200002000000000000000022510000000000324090005000000000006806
08200002000000000000000022520000000000486900005000000000010225
08200002000000000000000022530000000000191740005000000000004026
08200002000000000000000022540000000000152890005000000000003211
08200002000000000000000022550000000000060330005000000000001267
08200002000000000000000022560000000000154710005000000000003249
08200002000000000000000022570000000000304300005000000000006390
08200002000000000000000022580000000000077360005000000000001624
08200002000000000000000022590000000000056200005000000000001180
08200002000000000000000022600000000000019420005000000000000408
08200002000000000000000022610000000000167440005000000000003516
08200002000000000000000022620000000000111740005000000000002346
08200002000000000000000022630000000000468600005000000000009840
08200002000000000000000022640000000000181320005000000000003808
08200002000000000000000022650000000000273930005000000000005752
08200002000000000000000022660000000000193800005000000000004070
08200002000000000000000022670000000000693800005000000000014570
08200002000000000000000022680000000000213550005000000000004485
08200002000000000000000022690000000000349170005000000000007333
08200002000000000000000022700000000000393550005000000000008265
08200002000000000000000022710000000000071900005000000000001510
08200002000000000000000022720000000000180830005000000000003797
08200002000000000000000022730000000000275080005000000000005777
08200002000000000000000022740000000000120330005000000000002527
08200002000000000000000022750000000000826450005000000000017355
08200002000000000000000022760000000000595040005000000000012496
08200002000000000000000022770000000000073140005000000000001536
08200002000000000000000022780000000000143220005000000000003008
08200002000000000000000022790000000000669550005000000000014060
08200002000000000000000022800000000000049340005000000000001036
08200002000000000000000022810000000000162150005000000000003405
08200002000000000000000022820000000000158600005000000000003330
08200002000000000000000022830000000000451070005000000000009473
08200002000000000000000022840000000000218180005000000000004582
08200002000000000000000022850000000000285120005000000000005988
08200002000000000000000022860000000000051400005000000000001080
08200002000000000000000022870000000000223510005000000000004694
08200002000000000000000022880000000000351610005000000000007384
08200002000000000000000022890000000000137190005000000000002881
08200002000000000000000022900000000000070250005000000000001475
08200002000000000000000022910000000000451400005000000000009480
08200002000000000000000022920000000000161940005000000000003401
08200002000000000000000022930000000000062810005000000000001319
08200002000000000000000022940000000000429500005000000000009020
08200002000000000000000022950000000000160120005000000000003363
08200002000000000000000022960000000000081650005000000000001715
08200002000000000000000022970000000000044710005000000000000939
08200002000000000000000022980000000000333060005000000000006994
08200002000000000000000022990000000000185950005000000000003905
08200002000000000000000023000000000000110000005000000000002310
08200002000000000000000023010000000000268100005000000000005630
08200002000000000000000023020000000000658600005000000000013830
08200002000000000000000023030000000000253310005000000000005319
08200002000000000000000023040000000000064460005000000000001354
08200002000000000000000023050000000000210740005000000000004426
08200002000000000000000023060000000000625620005000000000013138
08200002000000000000000023070000000000264420005000000000005553
08200002000000000000000023080000000000157690005000000000003311
08200002000000000000000023090000000000123970005000000000002603
08200002000000000000000023100000000000355370005000000000007463
08200002000000000000000023110000000000284300005000000000005970
08200002000000000000000023120000000000128930005000000000002707
08200002000000000000000023130000000000243800005000000000005120
08200002000000000000000023140000000000022730005000000000000477
08200002000000000000000023150000000000604130005000000000012687
08200002000000000000000023160000000000254550005000000000005345
08200002000000000000000023170000000000085990005000000000001806
08200002000000000000000023180000000000139710005000000000002934
08200002000000000000000023190000000000171240005000000000003596
08200002000000000000000023200000000000136940005000000000002876
08200002000000000000000023210000000000020740005000000000000436
08200002000000000000000023220000000000023550005000000000000495
08200002000000000000000023230000000000613260005000000000012879
08200002000000000000000023240000000000081780005000000000001717
08200002000000000000000023250000000000376820005000000000007913
08200002000000000000000023260000000000089750005000000000001885
08200002000000000000000023270000000000392150005000000000008235
08200002000000000000000023280000000000089590005000000000001881
08200002000000000000000023290000000000041650005000000000000875
08200002000000000000000023300000000000307110005000000000006449
08200002000000000000000023310000000000068600005000000000001440
08200002000000000000000023320000000000090170005000000000001893
08200002000000000000000023330000000000215170005000000000004518
08200002000000000000000023340000000000093880005000000000001972
08200002000000000000000023350000000000319920005000000000006718
08200002000000000000000023360000000000394210005000000000008279
08200002000000000000000023370000000000010790005000000000000226
08200002000000000000000023380000000000047440005000000000000996
08200002000000000000000023390000000000071400005000000000001500
08200002000000000000000023400000000000039590005000000000000831
08200002000000000000000023410000000000049590005000000000001041
08200002000000000000000023420000000000052810005000000000001109
08200002000000000000000023430000000000511280005000000000010737
08200002000000000000000023440000000000173550005000000000003645
08200002000000000000000023450000000000272480005000000000005722
08200002000000000000000023460000000000233470005000000000004903
08200002000000000000000023470000000000690500005000000000014500
08200002000000000000000023480000000000046280005000000000000972
08200002000000000000000023490000000000347110005000000000007289
08200002000000000000000023500000000000227270005000000000004773
08200002000000000000000023510000000000276450005000000000005805
08200002000000000000000023520000000000051070005000000000001073
08200002000000000000000023530000000000267360005000000000005614
08200002000000000000000023540000000000119010005000000000002499
08200002000000000000000023550000000000176030005000000000003697
08200002000000000000000023560000000000328140005000000000006891
08200002000000000000000023570000000000322310005000000000006769
08200002000000000000000023580000000000208140005000000000004371
08200002000000000000000023590000000000455120005000000000009558
08200002000000000000000023600000000000477690005000000000010031
08200002000000000000000023610000000000080040005000000000001681
08200002000000000000000023620000000000047020005000000000000988
08200002000000000000000023630000000000266940005000000000005606
08200002000000000000000023640000000000132230005000000000002777
08200002000000000000000023650000000000303550005000000000006375
08200002000000000000000023660000000000258680005000000000005432
08200002000000000000000023670000000000106690005000000000002241
08200002000000000000000023680000000000027270005000000000000573
08200002000000000000000023690000000000067600005000000000001420
08200002000000000000000023700000000000113140005000000000002376
08200002000000000000000023710000000000035120005000000000000738
08200002000000000000000023720000000000095870005000000000002013
08200002000000000000000023730000000000230740005000000000004846
08200002000000000000000023740000000000171650005000000000003605
08200002000000000000000023750000000000171070005000000000003593
08200002000000000000000023760000000000115370005000000000002423
08200002000000000000000023770000000000143390005000000000003011
08200002000000000000000023780000000000034500005000000000000725
08200002000000000000000023790000000000143720005000000000003018
08200002000000000000000023800000000000167190005000000000003511
08200002000000000000000023810000000000788760005000000000016564
08200002000000000000000023820000000000152690005000000000003206
08200002000000000000000023830000000000049790005000000000001046
08200002000000000000000023840000000000294340005000000000006181
08200002000000000000000023850000000000499170005000000000010483
08200002000000000000000023860000000000176030005000000000003697
08200002000000000000000023870000000000086200005000000000001810
08200002000000000000000023880000000000054550005000000000001145
08200002000000000000000023890000000000079340005000000000001666
08200002000000000000000023900000000000049590005000000000001041
08200002000000000000000023910000000000714460005000000000015004
08200002000000000000000023920000000000193880005000000000004072
08200002000000000000000023930000000000073550005000000000001545
08200002000000000000000023940000000000041530005000000000000872
08200002000000000000000023950000000000436280005000000000009162
08200002000000000000000023960000000000415290005000000000008721
08200002000000000000000023970000000000520830005000000000010937
08200002000000000000000023980000000000047110005000000000000989
08200002000000000000000023990000000000081900005000000000001720
08200002000000000000000024000000000000033880005000000000000712
08200002000000000000000024010000000000132690005000000000002786
08200002000000000000000024020000000000155370005000000000003263
08200002000000000000000024030000000000317360005000000000006664
08200002000000000000000024040000000000074380005000000000001562
08200002000000000000000024050000000000080740005000000000001696
08200002000000000000000024060000000000025790005000000000000541
08200002000000000000000024070000000000174880005000000000003672
08200002000000000000000024080000000000059300005000000000001245
08200002000000000000000024090000000000335700005000000000007050
08200002000000000000000024100000000000102730005000000000002157
08200002000000000000000024110000000000339670005000000000007133
08200002000000000000000024120000000000093390005000000000001961
08200002000000000000000024130000000000051160005000000000001074
08200002000000000000000024140000000000057520005000000000001208
08200002000000000000000024150000000000438350005000000000009205
08200002000000000000000024160000000000167070005000000000003508
08200002000000000000000024170000000000265120005000000000005568
08200002000000000000000024180000000000099170005000000000002083
08200002000000000000000024190000000000457020005000000000009598
08200002000000000000000024200000000000070080005000000000001472
08200002000000000000000024210000000000143800005000000000003020
08200002000000000000000024220000000000018680005000000000000392
08200002000000000000000024230000000000195950005000000000004115
08200002000000000000000024240000000000117310005000000000002464
08200002000000000000000024250000000000121070005000000000002543
08200002000000000000000024260000000000046940005000000000000986
08200002000000000000000024270000000000069750005000000000001465
08200002000000000000000024280000000000086650005000000000001820
08200002000000000000000024290000000000189260005000000000003974
08200002000000000000000024300000000000188430005000000000003957
08200002000000000000000024310000000000045660005000000000000959
08200002000000000000000024320000000000040950005000000000000860
08200002000000000000000024330000000000267890005000000000005626
08200002000000000000000024340000000000091120005000000000001913
08200002000000000000000024350000000000307810005000000000006464
08200002000000000000000024360000000000075540005000000000001586
08200002000000000000000024370000000000130910005000000000002749
08200002000000000000000024380000000000364880005000000000007662
08200002000000000000000024390000000000109170005000000000002293
08200002000000000000000024400000000000049170005000000000001033
08200002000000000000000024410000000000184710005000000000003879
08200002000000000000000024420000000000301650005000000000006335
08200002000000000000000024430000000000017190005000000000000361
08200002000000000000000024440000000000054790005000000000001151
08200002000000000000000024450000000000107770005000000000002263
08200002000000000000000024460000000000038260005000000000000804
08200002000000000000000024470000000000120000005000000000002520
08200002000000000000000024480000000000100830005000000000002117
08200002000000000000000024490000000000028680005000000000000602
08200002000000000000000024500000000000105120005000000000002208
08200002000000000000000024510000000000086280005000000000001812
08200002000000000000000024520000000000195700005000000000004110
08200002000000000000000024530000000000201450005000000000004230
08200002000000000000000024540000000000575040005000000000012076
08200002000000000000000024550000000000041570005000000000000873
08200002000000000000000024560000000000082850005000000000001740
08200002000000000000000024570000000000125540005000000000002636
08200002000000000000000024580000000000446690005000000000009381
08200002000000000000000024590000000000347520005000000000007298
08200002000000000000000024600000000000109170005000000000002293
08200002000000000000000024610000000000220210005000000000004624
08200002000000000000000024620000000000029750005000000000000625
08200002000000000000000024630000000000044420005000000000000933
08200002000000000000000024640000000000121070005000000000002543
08200002000000000000000024650000000000141650005000000000002975
08200002000000000000000024660000000000038840005000000000000816
08200002000000000000000024670000000000293880005000000000006172
08200002000000000000000024680000000000012560005000000000000264
08200002000000000000000024690000000000095040005000000000001996
08200002000000000000000024700000000000097520005000000000002048
08200002000000000000000024710000000000300330005000000000006307
08200002000000000000000024720000000000043180005000000000000907
08200002000000000000000024730000000000113220005000000000002378
08200002000000000000000024740000000000495870005000000000010413
08200002000000000000000024750000000000106940005000000000002246
08200002000000000000000024760000000000045790005000000000000961
08200002000000000000000024770000000000033880005000000000000712
08200002000000000000000024780000000000538930005000000000011317
08200002000000000000000024790000000000051320005000000000001078
08200002000000000000000024800000000000113640005000000000002386
08200002000000000000000024810000000000273310005000000000005739
08200002000000000000000024820000000000575990005000000000012096
08200002000000000000000024830000000000166030005000000000003487
08200002000000000000000024840000000000257440005000000000005406
08200002000000000000000024850000000000024790005000000000000521
08200002000000000000000024860000000000281160005000000000005904
08200002000000000000000024870000000000154920005000000000003253
08200002000000000000000024880000000000035660005000000000000749
08200002000000000000000024890000000000175500005000000000003685
08200002000000000000000024900000000000203720005000000000004278
08200002000000000000000024910000000000257770005000000000005413
08200002000000000000000024920000000000032850005000000000000690
08200002000000000000000024930000000000187400005000000000003935
08200002000000000000000024940000000000140500005000000000002950
08200002000000000000000024950000000000026780005000000000000562
08200002000000000000000024960000000000115370005000000000002423
08200002000000000000000024970000000000103430005000000000002172
08200002000000000000000024980000000000824550005000000000017315
08200002000000000000000024990000000000114630005000000000002407
08200002000000000000000025000000000000450080005000000000009452
08200002000000000000000025010000000000391650005000000000008225
08200002000000000000000025020000000000762810005000000000016019
08200002000000000000000025030000000000189090005000000000003971
08200002000000000000000025040000000000114300005000000000002400
08200002000000000000000025050000000000165700005000000000003480
08200002000000000000000025060000000000021900005000000000000460
08200002000000000000000025070000000000111980005000000000002352
08200002000000000000000025080000000000268510005000000000005639
08200002000000000000000025090000000000336360005000000000007064
08200002000000000000000025100000000000131900005000000000002770
08200002000000000000000025110000000000018390005000000000000386
08200002000000000000000025120000000000543970005000000000011423
08200002000000000000000025130000000000418680005000000000008792
08200002000000000000000025140000000000095870005000000000002013
08200002000000000000000025150000000000121160005000000000002544
08200002000000000000000025160000000000020330005000000000000427
08200002000000000000000025170000000000109090005000000000002291
08200002000000000000000025180000000000044130005000000000000927
08200002000000000000000025190000000000258060005000000000005419
08200002000000000000000025200000000000011570005000000000000243
08200002000000000000000025210000000000103800005000000000002180
08200002000000000000000025220000000000278350005000000000005845
08200002000000000000000025230000000000051570005000000000001083
08200002000000000000000025240000000000189500005000000000003980
08200002000000000000000025250000000000114710005000000000002409
08200002000000000000000025260000000000120660005000000000002534
08200002000000000000000025270000000000064380005000000000001352
08200002000000000000000025280000000000026610005000000000000559
08200002000000000000000025290000000000031200005000000000000655
08200002000000000000000025310000000000049260005000000000001034
08200002000000000000000025320000000000038840005000000000000816
08200002000000000000000025330000000000074380005000000000001562
08200002000000000000000025340000000000042890005000000000000901
08200002000000000000000025350000000000057850005000000000001215
08200002000000000000000025360000000000214460005000000000004504
08200002000000000000000025370000000000190580005000000000004002
08200002000000000000000025380000000000238880005000000000005017
08200002000000000000000025390000000000055210005000000000001159
08200002000000000000000025400000000000041070005000000000000863
08200002000000000000000025410000000000243760005000000000005119
08200002000000000000000025420000000000164790005000000000003461
08200002000000000000000025430000000000290080005000000000006092
08200002000000000000000025440000000000089670005000000000001883
08200002000000000000000025450000000000058760005000000000001234
08200002000000000000000025460000000000245450005000000000005155
08200002000000000000000025470000000000188350005000000000003955
08200002000000000000000025480000000000267930005000000000005627
08200002000000000000000025490000000000209090005000000000004391
08200002000000000000000025500000000000032230005000000000000677
08200002000000000000000025510000000000404960005000000000008504
08200002000000000000000025520000000000237190005000000000004981
08200002000000000000000025530000000000042980005000000000000902
08200002000000000000000025540000000000078680005000000000001652
08200002000000000000000025550000000000158350005000000000003325
08200002000000000000000025560000000000194210005000000000004079
08200002000000000000000025570000000000039010005000000000000819
08200002000000000000000025580000000000057850005000000000001215
08200002000000000000000025590000000000037190005000000000000781
08200002000000000000000025610000000000071490005000000000001501
08200002000000000000000025620000000000271450005000000000005700
08200002000000000000000025630000000000041320005000000000000868
08200002000000000000000025640000000000022400005000000000000470
08200002000000000000000025650000000000578510005000000000012149
08200002000000000000000025660000000000169500005000000000003560
08200002000000000000000025670000000000014550005000000000000305
08200002000000000000000025680000000000012400005000000000000260
08200002000000000000000025690000000000026780005000000000000562
08200002000000000000000025700000000000240660005000000000005054
08200002000000000000000025710000000000029090005000000000000611
08200002000000000000000025720000000000273220005000000000005738
08200002000000000000000025730000000000014880005000000000000312
08200002000000000000000025740000000000052070005000000000001093
08200002000000000000000025750000000000270500005000000000005680
08200002000000000000000025760000000000211070005000000000004433
08200002000000000000000025770000000000066530005000000000001397
08200002000000000000000025780000000000378510005000000000007949
08200002000000000000000025790000000000185950005000000000003905
08200002000000000000000025800000000000152070005000000000003193
08200002000000000000000025810000000000050330005000000000001057
08200002000000000000000025820000000000099170005000000000002083
08200002000000000000000025830000000000081280005000000000001707
08200002000000000000000025840000000000520660005000000000010934
08200002000000000000000025850000000000201240005000000000004226
08200002000000000000000025860000000000037850005000000000000795
08200002000000000000000025870000000000529420005000000000011118
08200002000000000000000025880000000000017360005000000000000364
08200002000000000000000025890000000000181650005000000000003815
08200002000000000000000025900000000000066120005000000000001388
08200002000000000000000025910000000000047930005000000000001007
08200002000000000000000025920000000000158510005000000000003329
08200002000000000000000025930000000000087110005000000000001829
08200002000000000000000025940000000000244630005000000000005137
08200002000000000000000025950000000000350370005000000000007358
08200002000000000000000025960000000000039550005000000000000830
08200002000000000000000025970000000000080790005000000000001696
08200002000000000000000025980000000000169380005000000000003557
08200002000000000000000025990000000000041740005000000000000876
08200002000000000000000026000000000000079340005000000000001666
08200002000000000000000026010000000000280700005000000000005895
08200002000000000000000026020000000000823470005000000000017293
08200002000000000000000026030000000000301240005000000000006326
08200002000000000000000026040000000000160830005000000000003377
08200002000000000000000026050000000000082230005000000000001727
08200002000000000000000026060000000000254670005000000000005348
08200002000000000000000026070000000000120830005000000000002537
08200002000000000000000026080000000000143800005000000000003020
08200002000000000000000026090000000000073060005000000000001534
08200002000000000000000026100000000000113100005000000000002375
08200002000000000000000026110000000000121900005000000000002560
08200002000000000000000026120000000000081980005000000000001722
08200002000000000000000026130000000000065080005000000000001367
08200002000000000000000026140000000000481070005000000000010103
08200002000000000000000026150000000000328930005000000000006907
08200002000000000000000026160000000000045370005000000000000953
08200002000000000000000026170000000000134790005000000000002831
08200002000000000000000026180000000000046860005000000000000984
08200002000000000000000026190000000000197190005000000000004141
08200002000000000000000026200000000000209920005000000000004408
08200002000000000000000026210000000000037190005000000000000781
08200002000000000000000026220000000000509420005000000000010698
08200002000000000000000026230000000000227600005000000000004780
08200002000000000000000026250000000000077690005000000000001631
08200002000000000000000026260000000000365790005000000000007681
08200002000000000000000026270000000000042360005000000000000889
08200002000000000000000026280000000000327930005000000000006887
08200002000000000000000026290000000000421900005000000000008860
08200002000000000000000026300000000000514050005000000000010795
08200002000000000000000026310000000000154960005000000000003254
08200002000000000000000026320000000000049590005000000000001041
08200002000000000000000026330000000000076030005000000000001597
08200002000000000000000026340000000000168180005000000000003532
08200002000000000000000026350000000000706070005000000000014828
08200002000000000000000026360000000000115410005000000000002424
08200002000000000000000026370000000000036690005000000000000771
08200002000000000000000026380000000000259010005000000000005439
08200002000000000000000026390000000000026860005000000000000564
08200002000000000000000026400000000000470830005000000000009887
08200002000000000000000026410000000000129210005000000000002714
08200002000000000000000026420000000000205540005000000000004316
08200002000000000000000026430000000000210950005000000000004430
08200002000000000000000026440000000000047270005000000000000993
08200002000000000000000026450000000000200370005000000000004208
08200002000000000000000026460000000000362400005000000000007610
08200002000000000000000026470000000000102930005000000000002162
08200002000000000000000026480000000000563550005000000000011835
08200002000000000000000026490000000000106610005000000000002239
08200002000000000000000026500000000000505080005000000000010607
08200002000000000000000026510000000000823760005000000000017299
08200002000000000000000026520000000000071900005000000000001510
08200002000000000000000026530000000000017360005000000000000364
08200002000000000000000026540000000000266120005000000000005588
08200002000000000000000026550000000000319090005000000000006701
08200002000000000000000026560000000000504130005000000000010587
08200002000000000000000026570000000000039170005000000000000823
08200002000000000000000026580000000000142310005000000000002989
08200002000000000000000026590000000000027360005000000000000574
08200002000000000000000026600000000000230700005000000000004845
08200002000000000000000026610000000000095450005000000000002005
08200002000000000000000026620000000000054130005000000000001137
08200002000000000000000026630000000000130990005000000000002751
08200002000000000000000026640000000000281030005000000000005902
08200002000000000000000026650000000000224130005000000000004707
08200002000000000000000026660000000000194300005000000000004080
08200002000000000000000026670000000000123350005000000000002590
08200002000000000000000026680000000000178510005000000000003749
08200002000000000000000026690000000000053880005000000000001132
08200002000000000000000026700000000000231820005000000000004868
08200002000000000000000026710000000000100210005000000000002104
08200002000000000000000026720000000000080990005000000000001701
08200002000000000000000026730000000000190330005000000000003997
08200002000000000000000026740000000000104460005000000000002194
08200002000000000000000026750000000000355540005000000000007466
08200002000000000000000026760000000000399170005000000000008383
08200002000000000000000026770000000000155250005000000000003260
08200002000000000000000026780000000000538310005000000000011304
08200002000000000000000026790000000000220700005000000000004635
08200002000000000000000026800000000000349790005000000000007346
08200002000000000000000026810000000000204010005000000000004284
08200002000000000000000026820000000000393760005000000000008269
08200002000000000000000026830000000000243180005000000000005107
08200002000000000000000026840000000000820250005000000000017225
08200002000000000000000026850000000000114750005000000000002410
08200002000000000000000026860000000000301400005000000000006330
08200002000000000000000026870000000000210330005000000000004417
08200002000000000000000026880000000000176400005000000000003705
08200002000000000000000026890000000000771400005000000000016200
08200002000000000000000026910000000000307770005000000000006463
08200002000000000000000026920000000000044630005000000000000937
08200002000000000000000026930000000000038430005000000000000807
08200002000000000000000026940000000000114460005000000000002404
08200002000000000000000026950000000000138800005000000000002915
08200002000000000000000026960000000000084880005000000000001782
08200002000000000000000026970000000000617850005000000000012975
08200002000000000000000026980000000000148350005000000000003115
08200002000000000000000026990000000000120450005000000000002530
08200002000000000000000027000000000000193390005000000000004061
08200002000000000000000027010000000000046940005000000000000986
08200002000000000000000027020000000000169750005000000000003565
08200002000000000000000027030000000000199010005000000000004179
08200002000000000000000027040000000000301650005000000000006335
08200002000000000000000027050000000000149630005000000000003142
08200002000000000000000027060000000000420660005000000000008834
08200002000000000000000027070000000000026780005000000000000562
08200002000000000000000027080000000000351240005000000000007376
08200002000000000000000027090000000000037190005000000000000781
08200002000000000000000027100000000000154960005000000000003254
08200002000000000000000027110000000000119590005000000000002511
08200002000000000000000027120000000000203970005000000000004283
08200002000000000000000027130000000000087360005000000000001834
08200002000000000000000027140000000000175620005000000000003688
08200002000000000000000027150000000000204130005000000000004287
08200002000000000000000027160000000000584710005000000000012279
08200002000000000000000027170000000000071070005000000000001493
08200002000000000000000027180000000000173550005000000000003645
08200002000000000000000027190000000000218680005000000000004592
08200002000000000000000027200000000000587600005000000000012340
08200002000000000000000027210000000000123970005000000000002603
08200002000000000000000027220000000000202230005000000000004247
08200002000000000000000027230000000000088840005000000000001866
08200002000000000000000027260000000000443390005000000000009311
08200002000000000000000027270000000000111570005000000000002343
08200002000000000000000027280000000000215290005000000000004521
08200002000000000000000027290000000000149050005000000000003130
08200002000000000000000027300000000000493390005000000000010361
08200002000000000000000027310000000000170250005000000000003575
08200002000000000000000027320000000000003580005000000000000075
08200002000000000000000027330000000000040660005000000000000854
08200002000000000000000027340000000000153310005000000000003219
08200002000000000000000027350000000000174880005000000000003672
08200002000000000000000027360000000000176030005000000000003697
08200002000000000000000027370000000000056610005000000000001189
08200002000000000000000027380000000000049590005000000000001041
08200002000000000000000027390000000000063260005000000000001329
08200002000000000000000027400000000000089260005000000000001874
08200002000000000000000027410000000000136360005000000000002864
08200002000000000000000027420000000000082640005000000000001736
08200002000000000000000027430000000000746690005000000000015681
08200002000000000000000027440000000000288430005000000000006057
08200002000000000000000027450000000000227190005000000000004771
08200002000000000000000027460000000000215210005000000000004519
08200002000000000000000027470000000000122310005000000000002569
08200002000000000000000027480000000000249880005000000000005247
08200002000000000000000027490000000000194300005000000000004080
08200002000000000000000027500000000000096120005000000000002018
08200002000000000000000027520000000000035540005000000000000746
08200002000000000000000027530000000000186280005000000000003912
08200002000000000000000027540000000000130870005000000000002748
08200002000000000000000027550000000000059630005000000000001252
08200002000000000000000027560000000000050910005000000000001069
08200002000000000000000027570000000000253310005000000000005319
08200002000000000000000027580000000000116780005000000000002452
08200002000000000000000027590000000000318840005000000000006696
08200002000000000000000027600000000000578510005000000000012149
08200002000000000000000027610000000000220330005000000000004627
08200002000000000000000027620000000000079960005000000000001679
08200002000000000000000027630000000000014260005000000000000299
08200002000000000000000027640000000000165410005000000000003474
08200002000000000000000027650000000000160450005000000000003370
08200002000000000000000027660000000000280540005000000000005891
08200002000000000000000027670000000000046570005000000000000978
08200002000000000000000027680000000000072640005000000000001526
08200002000000000000000027690000000000136160005000000000002859
08200002000000000000000027700000000000078600005000000000001650
08200002000000000000000027710000000000409920005000000000008608
08200002000000000000000027720000000000077690005000000000001631
08200002000000000000000027730000000000051240005000000000001076
08200002000000000000000027740000000000277930005000000000005837
08200002000000000000000027750000000000150830005000000000003167
08200002000000000000000027760000000000116860005000000000002454
08200002000000000000000027770000000000111650005000000000002345
08200002000000000000000027780000000000347110005000000000007289
08200002000000000000000027790000000000109710005000000000002304
08200002000000000000000027800000000000003720005000000000000078
08200002000000000000000027810000000000350830005000000000007367
08200002000000000000000027820000000000136450005000000000002865
08200002000000000000000027830000000000043390005000000000000911
08200002000000000000000027840000000000066360005000000000001394
08200002000000000000000027850000000000152070005000000000003193
08200002000000000000000027860000000000109830005000000000002307
08200002000000000000000027870000000000028430005000000000000597
08200002000000000000000027880000000000173310005000000000003639
08200002000000000000000027890000000000205250005000000000004310
08200002000000000000000027900000000000229880005000000000004827
08200002000000000000000027910000000000228260005000000000004794
08200002000000000000000027920000000000315620005000000000006628
08200002000000000000000027930000000000015120005000000000000318
08200002000000000000000027940000000000084300005000000000001770
08200002000000000000000027950000000000176030005000000000003697
08200002000000000000000027960000000000455740005000000000009571
08200002000000000000000027970000000000465620005000000000009778
08200002000000000000000027980000000000031690005000000000000666
08200002000000000000000027990000000000347110005000000000007289
08200002000000000000000028000000000000079750005000000000001675
08200002000000000000000028010000000000279340005000000000005866
08200002000000000000000028020000000000128930005000000000002707
08200002000000000000000028030000000000110740005000000000002326
08200002000000000000000028040000000000106030005000000000002227
08200002000000000000000028050000000000254790005000000000005351
08200002000000000000000028060000000000169420005000000000003558
08200002000000000000000028070000000000291120005000000000006113
08200002000000000000000028080000000000246650005000000000005180
08200002000000000000000028090000000000240080005000000000005042
08200002000000000000000028100000000000441320005000000000009268
08200002000000000000000028110000000000246200005000000000005170
08200002000000000000000028120000000000435080005000000000009137
08200002000000000000000028130000000000087980005000000000001847
08200002000000000000000028140000000000066240005000000000001391
08200002000000000000000028150000000000137520005000000000002888
08200002000000000000000028160000000000103880005000000000002182
08200002000000000000000028170000000000044550005000000000000935
08200002000000000000000028180000000000047930005000000000001007
08200002000000000000000028190000000000502150005000000000010545
08200002000000000000000028200000000000047020005000000000000988
08200002000000000000000028210000000000628760005000000000013204
08200002000000000000000028220000000000180540005000000000003791
08200002000000000000000028230000000000058260005000000000001224
08200002000000000000000028240000000000248060005000000000005209
08200002000000000000000028250000000000146070005000000000003068
08200002000000000000000028260000000000115790005000000000002431
08200002000000000000000028270000000000064130005000000000001347
08200002000000000000000028280000000000290450005000000000006100
08200002000000000000000028290000000000353720005000000000007428
08200002000000000000000028300000000000405790005000000000008521
08200002000000000000000028310000000000376860005000000000007914
08200002000000000000000028320000000000198350005000000000004165
08200002000000000000000028330000000000090290005000000000001896
08200002000000000000000028340000000000380330005000000000007987
08200002000000000000000028350000000000026780005000000000000562
08200002000000000000000028360000000000057020005000000000001198
08200002000000000000000028370000000000228100005000000000004790
08200002000000000000000028380000000000098510005000000000002069
08200002000000000000000028390000000000074300005000000000001560
08200002000000000000000028400000000000105540005000000000002216
08200002000000000000000028410000000000045450005000000000000955
08200002000000000000000028420000000000431240005000000000009056
08200002000000000000000028430000000000085290005000000000001791
08200002000000000000000028440000000000142520005000000000002993
08200002000000000000000028450000000000588550005000000000012360
08200002000000000000000028460000000000429010005000000000009009
08200002000000000000000028470000000000114050005000000000002395
08200002000000000000000028480000000000055370005000000000001163
08200002000000000000000028490000000000161980005000000000003402
08200002000000000000000028500000000000371400005000000000007800
08200002000000000000000028510000000000133140005000000000002796
08200002000000000000000028520000000000233930005000000000004912
08200002000000000000000028530000000000826200005000000000017350
08200002000000000000000028540000000000040500005000000000000850
08200002000000000000000028550000000000033060005000000000000694
08200002000000000000000028560000000000775080005000000000016277
08200002000000000000000028570000000000684380005000000000014372
08200002000000000000000028580000000000083640005000000000001756
08200002000000000000000028590000000000071820005000000000001508
08200002000000000000000028600000000000386030005000000000008107
08200002000000000000000028610000000000213310005000000000004479
08200002000000000000000028620000000000512400005000000000010760
08200002000000000000000028630000000000034630005000000000000727
08200002000000000000000028640000000000052890005000000000001111
08200002000000000000000028650000000000142980005000000000003002
08200002000000000000000028660000000000165040005000000000003466
08200002000000000000000028670000000000206570005000000000004338
08200002000000000000000028680000000000031900005000000000000670
08200002000000000000000028690000000000164460005000000000003454
08200002000000000000000028700000000000025000005000000000000525
08200002000000000000000028710000000000107520005000000000002258
08200002000000000000000028720000000000041820005000000000000878
08200002000000000000000028730000000000254960005000000000005354
08200002000000000000000028740000000000198350005000000000004165
08200002000000000000000028750000000000053720005000000000001128
08200002000000000000000028760000000000013970005000000000000293
08200002000000000000000028770000000000070250005000000000001475
08200002000000000000000028780000000000094130005000000000001977
08200002000000000000000028790000000000155790005000000000003271
08200002000000000000000028800000000000168350005000000000003535
08200002000000000000000028810000000000160330005000000000003367
08200002000000000000000028820000000000304130005000000000006387
08200002000000000000000028830000000000116530005000000000002447
08200002000000000000000028840000000000188800005000000000003965
08200002000000000000000028850000000000167770005000000000003523
08200002000000000000000028860000000000173550005000000000003645
08200002000000000000000028870000000000041570005000000000000873
08200002000000000000000028880000000000213220005000000000004478
08200002000000000000000028890000000000429170005000000000009013
08200002000000000000000028900000000000115500005000000000002425
08200002000000000000000028910000000000220250005000000000004625
08200002000000000000000028920000000000049750005000000000001045
08200002000000000000000028930000000000025210005000000000000529
08200002000000000000000028940000000000454550005000000000009545
08200002000000000000000028950000000000020660005000000000000434
08200002000000000000000028960000000000015290005000000000000321
08200002000000000000000028970000000000119830005000000000002517
08200002000000000000000028980000000000251200005000000000005275
08200002000000000000000028990000000000030580005000000000000642
08200002000000000000000029000000000000216530005000000000004547
08200002000000000000000029010000000000021450005000000000000450
08200002000000000000000029020000000000040500005000000000000850
08200002000000000000000029030000000000098600005000000000002070
08200002000000000000000029040000000000109090005000000000002291
08200002000000000000000029050000000000045120005000000000000948
08200002000000000000000029060000000000072520005000000000001523
08200002000000000000000029070000000000205370005000000000004313
08200002000000000000000029080000000000003720005000000000000078
08200002000000000000000029090000000004680990005000000000098301
08200002000000000000000029100000000000042560005000000000000894
08200002000000000000000029110000000000245700005000000000005160
08200002000000000000000029120000000000196450005000000000004125
08200002000000000000000029130000000000081900005000000000001720
08200002000000000000000029140000000000028930005000000000000607
08200002000000000000000029150000000000480210005000000000010084
08200002000000000000000029160000000000035790005000000000000751
08200002000000000000000029170000000000134010005000000000002814
08200002000000000000000029180000000000186360005000000000003914
08200002000000000000000029190000000000129010005000000000002709
08200002000000000000000029200000000000011780005000000000000247
08200002000000000000000029210000000000080660005000000000001694
08200002000000000000000029220000000000486030005000000000010207
08200002000000000000000029230000000000022310005000000000000469
08200002000000000000000029240000000000061980005000000000001302
08200002000000000000000029250000000000038840005000000000000816
08200002000000000000000029260000000000090830005000000000001907
08200002000000000000000029270000000000134300005000000000002820
08200002000000000000000029280000000000079340005000000000001666
08200002000000000000000029290000000000157640005000000000003311
08200002000000000000000029300000000000022150005000000000000465
08200002000000000000000029310000000000723140005000000000015186
08200002000000000000000029320000000000089420005000000000001878
08200002000000000000000029330000000000093800005000000000001970
08200002000000000000000029340000000000087770005000000000001843
08200002000000000000000029350000000000052890005000000000001111
08200002000000000000000029360000000000053310005000000000001119
08200002000000000000000029370000000000271900005000000000005710
08200002000000000000000029380000000000104960005000000000002204
08200002000000000000000029390000000000704960005000000000014804
08200002000000000000000029400000000000140500005000000000002950
08200002000000000000000029410000000000270250005000000000005675
08200002000000000000000029420000000000494420005000000000010383
08200002000000000000000029430000000000242150005000000000005085
08200002000000000000000029440000000000378060005000000000007939
08200002000000000000000029450000000000106530005000000000002237
08200002000000000000000029460000000000520870005000000000010938
08200002000000000000000029470000000000106610005000000000002239
08200002000000000000000029480000000000144630005000000000003037
08200002000000000000000029490000000000233550005000000000004905
08200002000000000000000029500000000000066160005000000000001389
08200002000000000000000029510000000000064670005000000000001358
08200002000000000000000029520000000000076030005000000000001597
08200002000000000000000029530000000000048020005000000000001008
08200002000000000000000029540000000000021280005000000000000447
08200002000000000000000029550000000000127690005000000000002681
08200002000000000000000029560000000000191160005000000000004014
08200002000000000000000029570000000000533060005000000000011194
08200002000000000000000029580000000000071070005000000000001493
08200002000000000000000029590000000000825290005000000000017331
08200002000000000000000029600000000000707730005000000000014862
08200002000000000000000029610000000000271400005000000000005700
08200002000000000000000029620000000000193470005000000000004063
08200002000000000000000029630000000000358060005000000000007519
08200002000000000000000029640000000000398880005000000000008377
08200002000000000000000029650000000000261980005000000000005502
08200002000000000000000029660000000000330170005000000000006933
08200002000000000000000029670000000000026780005000000000000562
08200002000000000000000029680000000000114050005000000000002395
08200002000000000000000029690000000000818260005000000000017184
08200002000000000000000029700000000000068350005000000000001435
08200002000000000000000029710000000000210740005000000000004426
08200002000000000000000029720000000000038430005000000000000807
08200002000000000000000029730000000000066120005000000000001388
08200002000000000000000029740000000000578510005000000000012149
08200002000000000000000029750000000000073140005000000000001536
08200002000000000000000029760000000000078600005000000000001650
08200002000000000000000029770000000000268260005000000000005634
08200002000000000000000029780000000000200740005000000000004216
08200002000000000000000029790000000000226820005000000000004763
08200002000000000000000029800000000000399590005000000000008391
08200002000000000000000029810000000000263350005000000000005530
08200002000000000000000029820000000000066160005000000000001389
08200002000000000000000029830000000000233880005000000000004912
08200002000000000000000029840000000000064460005000000000001354
08200002000000000000000029850000000000094130005000000000001977
08200002000000000000000029860000000000016530005000000000000347
08200002000000000000000029870000000000130000005000000000002730
08200002000000000000000029880000000000047110005000000000000989
08200002000000000000000029890000000000058260005000000000001224
08200002000000000000000029900000000000103550005000000000002175
08200002000000000000000029910000000000022690005000000000000476
08200002000000000000000029920000000000562810005000000000011819
08200002000000000000000029930000000000033800005000000000000710
08200002000000000000000029940000000000493550005000000000010365
08200002000000000000000029950000000000054050005000000000001135
08200002000000000000000029960000000000497110005000000000010439
08200002000000000000000029970000000000261160005000000000005484
08200002000000000000000029980000000000063350005000000000001330
08200002000000000000000029990000000000102640005000000000002156
08200002000000000000000030000000000000314960005000000000006614
08200002000000000000000030010000000000405790005000000000008521
08200002000000000000000030020000000000099010005000000000002079
08200002000000000000000030030000000000380250005000000000007985
08200002000000000000000030040000000000458470005000000000009628
08200002000000000000000030050000000000182890005000000000003841
08200002000000000000000030060000000000176030005000000000003697
08200002000000000000000030070000000000666570005000000000013998
08200002000000000000000030080000000000500000005000000000010500
08200002000000000000000030090000000000112810005000000000002369
08200002000000000000000030100000000000335950005000000000007055
08200002000000000000000030110000000000429340005000000000009016
08200002000000000000000030120000000000096030005000000000002017
08200002000000000000000030130000000000606200005000000000012730
08200002000000000000000030140000000000208720005000000000004383
08200002000000000000000030150000000000236200005000000000004960
08200002000000000000000030160000000000274050005000000000005755
08200002000000000000000030170000000000564460005000000000011854
08200002000000000000000030180000000000429670005000000000009023
08200002000000000000000030190000000000192150005000000000004035
08200002000000000000000030200000000000143800005000000000003020
08200002000000000000000030210000000000054550005000000000001145
08200002000000000000000030220000000000192480005000000000004042
08200002000000000000000030230000000000266450005000000000005595
08200002000000000000000030240000000000798350005000000000016765
08200002000000000000000030250000000000038020005000000000000798
08200002000000000000000030260000000000257190005000000000005401
08200002000000000000000030270000000000235540005000000000004946
08200002000000000000000030280000000000342150005000000000007185
08200002000000000000000030290000000000109420005000000000002298
08200002000000000000000030300000000000253140005000000000005316
08200002000000000000000030310000000000152890005000000000003211
08200002000000000000000030320000000000142400005000000000002990
08200002000000000000000030330000000000278060005000000000005839
08200002000000000000000030340000000000147440005000000000003096
08200002000000000000000030350000000000096280005000000000002022
08200002000000000000000030360000000000390580005000000000008202
08200002000000000000000030370000000000578510005000000000012149
08200002000000000000000030380000000000077810005000000000001634
08200002000000000000000030390000000000314590005000000000006606
08200002000000000000000030400000000000205000005000000000004305
08200002000000000000000030410000000000169750005000000000003565
08200002000000000000000030420000000000205500005000000000004315
08200002000000000000000030430000000000224880005000000000004722
08200002000000000000000030440000000000276860005000000000005814
08200002000000000000000030450000000000013640005000000000000286
08200002000000000000000030460000000000038260005000000000000804
08200002000000000000000030470000000000034300005000000000000720
08200002000000000000000030480000000000016360005000000000000344
08200002000000000000000030490000000000397440005000000000008346
08200002000000000000000030500000000000128840005000000000002706
08200002000000000000000030510000000000302150005000000000006345
08200002000000000000000030520000000000105040005000000000002206
08200002000000000000000030530000000000586450005000000000012315
08200002000000000000000030540000000000050080005000000000001052
08200002000000000000000030550000000000107190005000000000002251
08200002000000000000000030560000000000126280005000000000002652
08200002000000000000000030570000000000650410005000000000013659
08200002000000000000000030580000000000283470005000000000005953
08200002000000000000000030590000000000521820005000000000010958
08200002000000000000000030600000000000633220005000000000013298
08200002000000000000000030610000000000065950005000000000001385
08200002000000000000000030620000000000154550005000000000003245
08200002000000000000000030630000000000183970005000000000003863
08200002000000000000000030640000000000018510005000000000000389
08200002000000000000000030650000000000188020005000000000003948
08200002000000000000000030660000000000031980005000000000000672
08200002000000000000000030670000000000038020005000000000000798
08200002000000000000000030680000000000238720005000000000005013
08200002000000000000000030690000000000106610005000000000002239
08200002000000000000000030700000000000028760005000000000000604
08200002000000000000000030710000000000074710005000000000001569
08200002000000000000000030720000000000259500005000000000005450
08200002000000000000000030730000000000073550005000000000001545
08200002000000000000000030740000000000092560005000000000001944
08200002000000000000000030750000000000114880005000000000002412
08200002000000000000000030760000000000125700005000000000002640
08200002000000000000000030770000000000225370005000000000004733
08200002000000000000000030780000000000165120005000000000003468
08200002000000000000000030790000000000135540005000000000002846
08200002000000000000000030800000000000073640005000000000001546
08200002000000000000000030810000000000235950005000000000004955
08200002000000000000000030820000000000235540005000000000004946
08200002000000000000000030830000000000077690005000000000001631
08200002000000000000000030840000000000198180005000000000004162
08200002000000000000000030850000000000547440005000000000011496
08200002000000000000000030860000000000342810005000000000007199
08200002000000000000000030870000000000020450005000000000000430
08200002000000000000000030880000000000172070005000000000003613
08200002000000000000000030890000000000401400005000000000008430
08200002000000000000000030900000000000022310005000000000000469
08200002000000000000000030910000000000732310005000000000015379
08200002000000000000000030920000000000163640005000000000003436
08200002000000000000000030930000000000123390005000000000002591
08200002000000000000000030940000000000099170005000000000002083
08200002000000000000000030950000000000491820005000000000010328
08200002000000000000000030960000000000143180005000000000003007
08200002000000000000000030970000000000693600005000000000014565
08200002000000000000000030980000000000468600005000000000009840
08200002000000000000000030990000000000369380005000000000007757
08200002000000000000000031000000000000137690005000000000002891
08200002000000000000000031010000000000349460005000000000007339
08200002000000000000000031020000000000423260005000000000008889
08200002000000000000000031030000000000064590005000000000001356
08200002000000000000000031040000000000198970005000000000004178
08200002000000000000000031050000000000177690005000000000003731
08200002000000000000000031060000000000094210005000000000001979
08200002000000000000000031070000000000091650005000000000001925
08200002000000000000000031080000000000058020005000000000001218
08200002000000000000000031090000000000088260005000000000001854
08200002000000000000000031100000000000157020005000000000003298
08200002000000000000000031110000000000061820005000000000001298
08200002000000000000000031120000000000010990005000000000000231
08200002000000000000000031130000000000182980005000000000003842
08200002000000000000000031140000000000100990005000000000002121
08200002000000000000000031150000000000157600005000000000003310
08200002000000000000000031160000000000117150005000000000002460
08200002000000000000000031170000000000067020005000000000001408
08200002000000000000000031180000000000145910005000000000003064
08200002000000000000000031190000000000158970005000000000003338
08200002000000000000000031200000000000062560005000000000001314
08200002000000000000000031210000000000257850005000000000005415
08200002000000000000000031220000000000188430005000000000003957
08200002000000000000000031230000000000147440005000000000003096
08200002000000000000000031240000000000219830005000000000004617
08200002000000000000000031250000000000217600005000000000004570
08200002000000000000000031260000000000037440005000000000000786
08200002000000000000000031270000000000229750005000000000004825
08200002000000000000000031280000000000134710005000000000002829
08200002000000000000000031290000000000073140005000000000001536
08200002000000000000000031300000000000169920005000000000003568
08200002000000000000000031310000000000033060005000000000000694
08200002000000000000000031320000000000060290005000000000001266
08200002000000000000000031330000000000349420005000000000007338
08200002000000000000000031340000000000476030005000000000009997
08200002000000000000000031350000000000155120005000000000003258
08200002000000000000000031360000000000166940005000000000003506
08200002000000000000000031370000000000440250005000000000009245
08200002000000000000000031380000000000142980005000000000003002
08200002000000000000000031390000000000194960005000000000004094
08200002000000000000000031400000000000045450005000000000000955
08200002000000000000000031410000000000194210005000000000004079
08200002000000000000000031420000000000186120005000000000003908
08200002000000000000000031430000000000128100005000000000002690
08200002000000000000000031440000000000075620005000000000001588
08200002000000000000000031450000000000200330005000000000004207
08200002000000000000000031460000000000139260005000000000002924
08200002000000000000000031470000000000236360005000000000004964
08200002000000000000000031480000000000215410005000000000004524
08200002000000000000000031490000000000417270005000000000008763
08200002000000000000000031500000000000135790005000000000002851
08200002000000000000000031510000000000213930005000000000004492
08200002000000000000000031520000000000157730005000000000003312
08200002000000000000000031530000000000094550005000000000001985
08200002000000000000000031540000000000776780005000000000016312
08200002000000000000000031550000000000215290005000000000004521
08200002000000000000000031560000000000072810005000000000001529
08200002000000000000000031570000000000040080005000000000000842
08200002000000000000000031580000000000291240005000000000006116
08200002000000000000000031590000000000085540005000000000001796
08200002000000000000000031600000000000123470005000000000002593
08200002000000000000000031610000000000113220005000000000002378
08200002000000000000000031620000000000067440005000000000001416
08200002000000000000000031630000000000098350005000000000002065
08200002000000000000000031640000000000161980005000000000003402
08200002000000000000000031650000000000318800005000000000006695
08200002000000000000000031660000000000108140005000000000002271
08200002000000000000000031670000000000156690005000000000003291
08200002000000000000000031680000000000095370005000000000002003
08200002000000000000000031690000000000033880005000000000000712
08200002000000000000000031700000000000737190005000000000015481
08200002000000000000000031710000000000128840005000000000002706
08200002000000000000000031720000000000110660005000000000002324
08200002000000000000000031730000000000217730005000000000004572
08200002000000000000000031740000000000161160005000000000003384
08200002000000000000000031750000000000070250005000000000001475
08200002000000000000000031760000000000028350005000000000000595
08200002000000000000000031770000000000070250005000000000001475
08200002000000000000000031780000000000056450005000000000001185
08200002000000000000000031790000000000011610005000000000000244
08200002000000000000000031800000000000376030005000000000007897
08200002000000000000000031810000000000427560005000000000008979
08200002000000000000000031820000000000420660005000000000008834
08200002000000000000000031830000000000053140005000000000001116
08200002000000000000000031840000000000095040005000000000001996
08200002000000000000000031850000000000297980005000000000006257
08200002000000000000000031860000000000036030005000000000000757
08200002000000000000000031870000000000055620005000000000001168
08200002000000000000000031880000000000032310005000000000000679
08200002000000000000000031890000000000053720005000000000001128
08200002000000000000000031900000000000166940005000000000003506
08200002000000000000000031910000000000078930005000000000001657
08200002000000000000000031920000000000235620005000000000004948
08200002000000000000000031930000000000019830005000000000000417
08200002000000000000000031940000000000052230005000000000001097
08200002000000000000000031950000000000053720005000000000001128
08200002000000000000000031960000000000052270005000000000001098
08200002000000000000000031970000000000451240005000000000009476
08200002000000000000000031980000000000051240005000000000001076
08200002000000000000000031990000000000067770005000000000001423
08200002000000000000000032000000000000271900005000000000005710
08200002000000000000000032010000000000105120005000000000002208
08200002000000000000000032020000000000080990005000000000001701
08200002000000000000000032030000000000408350005000000000008575
08200002000000000000000032040000000000320080005000000000006722
08200002000000000000000032050000000000185950005000000000003905
08200002000000000000000032060000000000064460005000000000001354
08200002000000000000000032080000000000051650005000000000001085
08200002000000000000000032090000000000175370005000000000003683
08200002000000000000000032100000000000050080005000000000001052
08200002000000000000000032110000000000167730005000000000003522
08200002000000000000000032120000000000153310005000000000003219
08200002000000000000000032130000000000038840005000000000000816
08200002000000000000000032140000000000024790005000000000000521
08200002000000000000000032150000000000240500005000000000005050
08200002000000000000000032160000000000225620005000000000004738
08200002000000000000000032170000000000060330005000000000001267
08200002000000000000000032180000000000033880005000000000000712
08200002000000000000000032190000000000273220005000000000005738
08200002000000000000000032200000000000060990005000000000001281
08200002000000000000000032210000000000684960005000000000014384
08200002000000000000000032220000000000209090005000000000004391
08200002000000000000000032230000000000420500005000000000008830
08200002000000000000000032240000000000126030005000000000002647
08200002000000000000000032250000000000553720005000000000011628
08200002000000000000000032260000000000495790005000000000010411
08200002000000000000000032270000000000173550005000000000003645
08200002000000000000000032280000000000822980005000000000017282
08200002000000000000000032290000000000162070005000000000003403
08200002000000000000000032300000000000092560005000000000001944
08200002000000000000000032310000000000445450005000000000009355
08200002000000000000000032320000000000268550005000000000005640
08200002000000000000000032330000000000196690005000000000004131
08200002000000000000000032340000000000028760005000000000000604
08100002000000000000000000100000000000022480005000000000000472
08100002000000000000000000110000000000224800005000000000004721
08100002000000000000000000120000000000255220005000000000005360
08100002000000000000000000090000000000011240005000000000000236
