08200002000000000008000035770000000000080580005000000000001692
08200002000000000008000035780000000000003720005000000000000078
08200002000000000008000035790000000000191900005000000000004030
08200002000000000008000035800000000000362310005000000000007609
08200002000000000008000035810000000000203600005000000000004275
08200002000000000008000035820000000000463180005000000000009727
08200002000000000008000035830000000000234460005000000000004924
08200002000000000008000035840000000000069420005000000000001458
08200002000000000008000035850000000000229750005000000000004825
08200002000000000008000035860000000000014050005000000000000295
08200002000000000008000035870000000000196820005000000000004133
08200002000000000008000035880000000000504960005000000000010604
08200002000000000008000035890000000000212890005000000000004471
08200002000000000008000035900000000000322520005000000000006773
08200002000000000008000035910000000000177690005000000000003731
08200002000000000008000035920000000000198350005000000000004165
08200002000000000008000035930000000000278760005000000000005854
08200002000000000008000035940000000000154710005000000000003249
08200002000000000008000035950000000000518680005000000000010892
08200002000000000008000035960000000000086780005000000000001822
08200002000000000008000035970000000000130990005000000000002751
08200002000000000008000035980000000000107440005000000000002256
08200002000000000008000035990000000000262110005000000000005504
08200002000000000008000036000000000000134710005000000000002829
08200002000000000008000036010000000000147360005000000000003094
08200002000000000008000036020000000000249590005000000000005241
08200002000000000008000036030000000000147520005000000000003098
08200002000000000008000036040000000000078510005000000000001649
08200002000000000008000036050000000000090330005000000000001897
08200002000000000008000036060000000000787360005000000000016534
08200002000000000008000036070000000000347110005000000000007289
08200002000000000008000036080000000000144630005000000000003037
08200002000000000008000036090000000000165950005000000000003485
08200002000000000008000036100000000000053390005000000000001121
08200002000000000008000036110000000000148350005000000000003115
08200002000000000008000036120000000000198180005000000000004162
08200002000000000008000036130000000000080910005000000000001699
08200002000000000008000036140000000000072020005000000000001513
08200002000000000008000036150000000000168840005000000000003546
08200002000000000008000036160000000000132560005000000000002784
08200002000000000008000036170000000000144630005000000000003037
08200002000000000008000036180000000000123180005000000000002587
08200002000000000008000036190000000000093600005000000000001965
08200002000000000008000036200000000000145540005000000000003056
08200002000000000008000036210000000000145990005000000000003066
08200002000000000008000036220000000000145290005000000000003051
08200002000000000008000036230000000000726450005000000000015255
08200002000000000008000036240000000000029750005000000000000625
08200002000000000008000036250000000000071320005000000000001498
08200002000000000008000036260000000000126650005000000000002660
08200002000000000008000036270000000000170620005000000000003583
08200002000000000008000036280000000000111570005000000000002343
08200002000000000008000036290000000000064670005000000000001358
08200002000000000008000036300000000000137810005000000000002894
08200002000000000008000036310000000000228100005000000000004790
08200002000000000008000036320000000000037600005000000000000790
08200002000000000008000036330000000000100830005000000000002117
08200002000000000008000036340000000000088840005000000000001866
08200002000000000008000036350000000000231400005000000000004860
08200002000000000008000036360000000000070250005000000000001475
08200002000000000008000036370000000000107690005000000000002261
08200002000000000008000036380000000000054880005000000000001152
08200002000000000008000036390000000000291860005000000000006129
08200002000000000008000036400000000000058880005000000000001237
08200002000000000008000036410000000000258840005000000000005436
08200002000000000008000036420000000000228100005000000000004790
08200002000000000008000036430000000000047110005000000000000989
08200002000000000008000036440000000000152480005000000000003202
08200002000000000008000036450000000000049590005000000000001041
08200002000000000008000036460000000000027110005000000000000569
08200002000000000008000036470000000000449170005000000000009433
08200002000000000008000036480000000000139010005000000000002919
08200002000000000008000036490000000000042150005000000000000885
08200002000000000008000036500000000000435330005000000000009142
08200002000000000008000036510000000000130990005000000000002751
08200002000000000008000036520000000000272440005000000000005721
08200002000000000008000036530000000000086240005000000000001811
08200002000000000008000036540000000000184710005000000000003879
08200002000000000008000036550000000000509500005000000000010700
08200002000000000008000036560000000000631320005000000000013258
08200002000000000008000036570000000000287730005000000000006042
08200002000000000008000036580000000000078510005000000000001649
08200002000000000008000036590000000000823720005000000000017298
08200002000000000008000036600000000000200410005000000000004209
08200002000000000008000036610000000000369830005000000000007767
08200002000000000008000036620000000000126940005000000000002666
08200002000000000008000036630000000000108020005000000000002268
08200002000000000008000036640000000000428310005000000000008994
08200002000000000008000036650000000000110740005000000000002326
08200002000000000008000036660000000000058720005000000000001233
08200002000000000008000036670000000000462930005000000000009722
08200002000000000008000036680000000000063800005000000000001340
08200002000000000008000036690000000000055370005000000000001163
08200002000000000008000036700000000000747930005000000000015707
08200002000000000008000036710000000000113640005000000000002386
08200002000000000008000036720000000000068060005000000000001429
08200002000000000008000036730000000000149460005000000000003139
08200002000000000008000036740000000000061070005000000000001283
08200002000000000008000036750000000000429340005000000000009016
08200002000000000008000036760000000000424790005000000000008921
08200002000000000008000036770000000000452190005000000000009496
08200002000000000008000036780000000000287600005000000000006040
08200002000000000008000036790000000000076320005000000000001603
08200002000000000008000036800000000000072360005000000000001519
08200002000000000008000036810000000000380500005000000000007990
08200002000000000008000036820000000000486690005000000000010221
08200002000000000008000036830000000000275210005000000000005779
08200002000000000008000036840000000000694210005000000000014579
08200002000000000008000036850000000000578510005000000000012149
08200002000000000008000036860000000000100000005000000000002100
08200002000000000008000036870000000000169420005000000000003558
08200002000000000008000036880000000000076780005000000000001612
08200002000000000008000036890000000000187110005000000000003929
08200002000000000008000036900000000000099170005000000000002083
08200002000000000008000036910000000000409090005000000000008591
08200002000000000008000036920000000000062810005000000000001319
08200002000000000008000036930000000000222640005000000000004676
08200002000000000008000036940000000000206450005000000000004335
08200002000000000008000036950000000000084380005000000000001772
08200002000000000008000036960000000000244130005000000000005127
08200002000000000008000036970000000000033060005000000000000694
08200002000000000008000036980000000000541360005000000000011369
08200002000000000008000036990000000000111740005000000000002346
08200002000000000008000037000000000000173550005000000000003645
08200002000000000008000037010000000000486490005000000000010216
08200002000000000008000037020000000000211900005000000000004450
08200002000000000008000037030000000000090330005000000000001897
08200002000000000008000037040000000000747930005000000000015707
08200002000000000008000037050000000000177690005000000000003731
08200002000000000008000037060000000000123970005000000000002603
08200002000000000008000037070000000000091490005000000000001921
08200002000000000008000037080000000000054550005000000000001145
08200002000000000008000037090000000000120660005000000000002534
08200002000000000008000037100000000000081200005000000000001705
08200002000000000008000037110000000000110370005000000000002318
08200002000000000008000037120000000000308720005000000000006483
08200002000000000008000037130000000000205290005000000000004311
08200002000000000008000037140000000000046570005000000000000978
08200002000000000008000037150000000000240870005000000000005058
08200002000000000008000037160000000000157360005000000000003304
08200002000000000008000037170000000000347110005000000000007289
08200002000000000008000037180000000000047110005000000000000989
08200002000000000008000037190000000000059500005000000000001250
08200002000000000008000037200000000000057360005000000000001204
08200002000000000008000037210000000000286780005000000000006022
08200002000000000008000037220000000000246780005000000000005182
08200002000000000008000037230000000000734920005000000000015433
08200002000000000008000037240000000000796690005000000000016731
08200002000000000008000037250000000000228100005000000000004790
08200002000000000008000037260000000000064010005000000000001344
08200002000000000008000037270000000000314050005000000000006595
08200002000000000008000037280000000000078510005000000000001649
08200002000000000008000037290000000000483640005000000000010156
08200002000000000008000037300000000000074460005000000000001564
08200002000000000008000037310000000000177690005000000000003731
08200002000000000008000037320000000000349460005000000000007339
08200002000000000008000037330000000000065950005000000000001385
08200002000000000008000037340000000000257270005000000000005403
08200002000000000008000037350000000000269010005000000000005649
08200002000000000008000037360000000000092980005000000000001952
08200002000000000008000037370000000000099420005000000000002088
08200002000000000008000037380000000000815080005000000000017117
08200002000000000008000037400000000000281530005000000000005912
08200002000000000008000037410000000000183470005000000000003853
08200002000000000008000037420000000000381820005000000000008018
08200002000000000008000037430000000000226200005000000000004750
08200002000000000008000037440000000000210910005000000000004429
08200002000000000008000037450000000000031400005000000000000660
08200002000000000008000037460000000000047520005000000000000998
08200002000000000008000037470000000000352070005000000000007393
08200002000000000008000037480000000000104130005000000000002187
08200002000000000008000037490000000000106200005000000000002230
08200002000000000008000037500000000000236820005000000000004973
08200002000000000008000037510000000000567070005000000000011908
08200002000000000008000037520000000000044170005000000000000928
08200002000000000008000037530000000000150660005000000000003164
08200002000000000008000037540000000000150660005000000000003164
08200002000000000008000037550000000000003720005000000000000078
08200002000000000008000037560000000000003720005000000000000078
08200002000000000008000037570000000000003720005000000000000078
08200002000000000008000037580000000000002070005000000000000043
08200002000000000008000037590000000000002070005000000000000043
08200002000000000008000037600000000000002070005000000000000043
08200002000000000008000037610000000000234300005000000000004920
08200002000000000008000037620000000000080990005000000000001701
08200002000000000008000037630000000000080990005000000000001701
08200002000000000008000037640000000000762810005000000000016019
08200002000000000008000037650000000000159710005000000000003354
08200002000000000008000037660000000000630740005000000000013246
08200002000000000008000037670000000000315370005000000000006623
08200002000000000008000037680000000000086690005000000000001821
08200002000000000008000037690000000000016120005000000000000338
08200002000000000008000037700000000000041320005000000000000868
08200002000000000008000037710000000000198350005000000000004165
08200002000000000008000037720000000000101070005000000000002123
08200002000000000008000037730000000000304130005000000000006387
08200002000000000008000037740000000000450410005000000000009459
08200002000000000008000037750000000000181820005000000000003818
08200002000000000008000037760000000000254380005000000000005342
08200002000000000008000037770000000000021900005000000000000460
08200002000000000008000037780000000000072930005000000000001532
08200002000000000008000037790000000000096450005000000000002025
08200002000000000008000037800000000000186610005000000000003919
08200002000000000008000037810000000000021450005000000000000450
08200002000000000008000037820000000000730790005000000000015346
08200002000000000008000037830000000000077480005000000000001627
08200002000000000008000037840000000000061900005000000000001300
08200002000000000008000037850000000000165700005000000000003480
08200002000000000008000037860000000000153310005000000000003219
08200002000000000008000037870000000000330580005000000000006942
08200002000000000008000037880000000000289260005000000000006074
08200002000000000008000037890000000000141980005000000000002982
08200002000000000008000037900000000000211160005000000000004434
08200002000000000008000037910000000000083510005000000000001754
08200002000000000008000037920000000000242440005000000000005091
08200002000000000008000037930000000000065450005000000000001375
08200002000000000008000037940000000000062810005000000000001319
08200002000000000008000037950000000000105740005000000000002221
08200002000000000008000037960000000000049380005000000000001037
08200002000000000008000037970000000000073640005000000000001546
08200002000000000008000037980000000000015740005000000000000331
08200002000000000008000037990000000000023220005000000000000488
08200002000000000008000038000000000000030830005000000000000647
08200002000000000008000038010000000000053800005000000000001130
08200002000000000008000038020000000000084710005000000000001779
08200002000000000008000038030000000000168600005000000000003540
08200002000000000008000038040000000000034830005000000000000732
08200002000000000008000038050000000000075210005000000000001579
08200002000000000008000038060000000000003720005000000000000078
08200002000000000008000038070000000000003720005000000000000078
08200002000000000008000038080000000000450580005000000000009462
08200002000000000008000038090000000000035700005000000000000750
08200002000000000008000038100000000000029750005000000000000625
08200002000000000008000038110000000000217070005000000000004558
08200002000000000008000038120000000000253800005000000000005330
08200002000000000008000038130000000000113720005000000000002388
08200002000000000008000038140000000000231400005000000000004860
08200002000000000008000038150000000000070580005000000000001482
08200002000000000008000038160000000000290080005000000000006092
08200002000000000008000038170000000000082640005000000000001736
08200002000000000008000038180000000000067440005000000000001416
08200002000000000008000038190000000000063640005000000000001336
08200002000000000008000038200000000000074880005000000000001572
08200002000000000008000038210000000000174550005000000000003665
08200002000000000008000038220000000000030580005000000000000642
08200002000000000008000038230000000000024790005000000000000521
08200002000000000008000038240000000000076490005000000000001606
08200002000000000008000038250000000000063800005000000000001340
08200002000000000008000038260000000000197440005000000000004146
08200002000000000008000038270000000000088930005000000000001867
08200002000000000008000038280000000000268600005000000000005640
08200002000000000008000038290000000000170250005000000000003575
08200002000000000008000038300000000000766610005000000000016099
08200002000000000008000038310000000000079750005000000000001675
08200002000000000008000038320000000000197360005000000000004144
08200002000000000008000038330000000000223760005000000000004699
08200002000000000008000038340000000000091820005000000000001928
08200002000000000008000038350000000000135370005000000000002843
08200002000000000008000038360000000000200990005000000000004221
08200002000000000008000038370000000000174380005000000000003662
08200002000000000008000038380000000000105790005000000000002221
08200002000000000008000038390000000000135660005000000000002849
08200002000000000008000038400000000000233140005000000000004896
08200002000000000008000038410000000000094630005000000000001987
08200002000000000008000038420000000000041400005000000000000870
08200002000000000008000038430000000000188220005000000000003953
08200002000000000008000038440000000000051740005000000000001086
08200002000000000008000038450000000000094210005000000000001979
08200002000000000008000038460000000000117600005000000000002470
08200002000000000008000038470000000000113020005000000000002373
08200002000000000008000038480000000000048760005000000000001024
08200002000000000008000038490000000000040080005000000000000842
08200002000000000008000038500000000000033060005000000000000694
08200002000000000008000038510000000000334710005000000000007029
08200002000000000008000038520000000000123970005000000000002603
08200002000000000008000038530000000000177150005000000000003720
08200002000000000008000038540000000000279670005000000000005873
08200002000000000008000038550000000000281160005000000000005904
08200002000000000008000038560000000000152560005000000000003204
08200002000000000008000038570000000000102980005000000000002162
08200002000000000008000038580000000000111530005000000000002342
08200002000000000008000038590000000000080990005000000000001701
08200002000000000008000038600000000000101400005000000000002130
08200002000000000008000038610000000000095210005000000000001999
08200002000000000008000038620000000000023140005000000000000486
08200002000000000008000038630000000000183880005000000000003862
08200002000000000008000038640000000000374260005000000000007859
08200002000000000008000038650000000000315700005000000000006630
08200002000000000008000038660000000000094050005000000000001975
08200002000000000008000038670000000000083220005000000000001748
08200002000000000008000038680000000000753310005000000000015819
08200002000000000008000038690000000000090740005000000000001906
08200002000000000008000038700000000000157270005000000000003303
08200002000000000008000038710000000000079750005000000000001675
08200002000000000008000038720000000000820370005000000000017228
08200002000000000008000038730000000000811650005000000000017045
08200002000000000008000038740000000000090910005000000000001909
08200002000000000008000038750000000000099920005000000000002098
08200002000000000008000038760000000000162310005000000000003409
08200002000000000008000038770000000000123970005000000000002603
08200002000000000008000038780000000000358680005000000000007532
08200002000000000008000038790000000000176940005000000000003716
08200002000000000008000038800000000000064260005000000000001349
08200002000000000008000038810000000000003720005000000000000078
08200002000000000008000038820000000000114960005000000000002414
08200002000000000008000038830000000000369420005000000000007758
08200002000000000008000038840000000000066490005000000000001396
08200002000000000008000038850000000000095210005000000000001999
08200002000000000008000038860000000000342980005000000000007202
08200002000000000008000038870000000000071320005000000000001498
08200002000000000008000038880000000000130660005000000000002744
08200002000000000008000038890000000000790410005000000000016599
08200002000000000008000038900000000000135740005000000000002851
08200002000000000008000038910000000000056030005000000000001177
08200002000000000008000038920000000000093760005000000000001969
08200002000000000008000038930000000000082310005000000000001729
08200002000000000008000038940000000000269130005000000000005652
08200002000000000008000038950000000000306320005000000000006433
08200002000000000008000038960000000000105620005000000000002218
08200002000000000008000038970000000000037190005000000000000781
08200002000000000008000038980000000000196690005000000000004131
08200002000000000008000038990000000000105580005000000000002217
08200002000000000008000039000000000000061980005000000000001302
08200002000000000008000039010000000000186860005000000000003924
08200002000000000008000039020000000000078720005000000000001653
08200002000000000008000039030000000000053310005000000000001119
08200002000000000008000039040000000000340500005000000000007150
08200002000000000008000039050000000000212560005000000000004464
08200002000000000008000039060000000000400500005000000000008410
08200002000000000008000039070000000000107520005000000000002258
08200002000000000008000039080000000000201320005000000000004228
08200002000000000008000039090000000000355370005000000000007463
08200002000000000008000039100000000000233390005000000000004901
08200002000000000008000039110000000000176530005000000000003707
08200002000000000008000039120000000000304590005000000000006396
08200002000000000008000039130000000000156200005000000000003280
08200002000000000008000039140000000000010740005000000000000226
08200002000000000008000039150000000000270740005000000000005686
08200002000000000008000039160000000000033930005000000000000712
08200002000000000008000039170000000000052070005000000000001093
08200002000000000008000039180000000000301650005000000000006335
08200002000000000008000039190000000000190830005000000000004007
08200002000000000008000039200000000000282730005000000000005937
08200002000000000008000039210000000000080990005000000000001701
08200002000000000008000039220000000000050910005000000000001069
08200002000000000008000039230000000000292640005000000000006146
08200002000000000008000039240000000000062400005000000000001310
08200002000000000008000039250000000000122730005000000000002577
08200002000000000008000039260000000000208180005000000000004372
08200002000000000008000039270000000000083140005000000000001746
08200002000000000008000039280000000000020250005000000000000425
08200002000000000008000039290000000000210740005000000000004426
08200002000000000008000039300000000000064460005000000000001354
08200002000000000008000039310000000000478680005000000000010052
08200002000000000008000039320000000000018060005000000000000379
08200002000000000008000039330000000000089630005000000000001882
08200002000000000008000039340000000000160990005000000000003381
08200002000000000008000039350000000000185450005000000000003895
08200002000000000008000039360000000000110540005000000000002321
08200002000000000008000039370000000000013220005000000000000278
08200002000000000008000039380000000000034960005000000000000734
08200002000000000008000039390000000000230170005000000000004833
08200002000000000008000039400000000000096690005000000000002031
08200002000000000008000039410000000000045790005000000000000961
08200002000000000008000039420000000000222310005000000000004669
08200002000000000008000039430000000000046120005000000000000968
08200002000000000008000039440000000000163640005000000000003436
08200002000000000008000039450000000000230580005000000000004842
08200002000000000008000039460000000000782640005000000000016436
08200002000000000008000039470000000000821940005000000000017261
08200002000000000008000039480000000000699500005000000000014690
08200002000000000008000039490000000000466120005000000000009788
08200002000000000008000039500000000000301650005000000000006335
08200002000000000008000039510000000000166120005000000000003488
08200002000000000008000039520000000000359130005000000000007542
08200002000000000008000039530000000000301650005000000000006335
08200002000000000008000039540000000000320660005000000000006734
08200002000000000008000039550000000000141160005000000000002964
08200002000000000008000039560000000000308840005000000000006486
08200002000000000008000039570000000000144790005000000000003041
08200002000000000008000039580000000000202360005000000000004249
08200002000000000008000039590000000000330410005000000000006939
08200002000000000008000039600000000000198640005000000000004171
08200002000000000008000039610000000000061820005000000000001298
08200002000000000008000039620000000000330120005000000000006933
08200002000000000008000039630000000000243220005000000000005108
08200002000000000008000039640000000000089380005000000000001877
08200002000000000008000039650000000000384300005000000000008070
08200002000000000008000039660000000000137070005000000000002878
08200002000000000008000039670000000000061980005000000000001302
08200002000000000008000039680000000000017190005000000000000361
08200002000000000008000039690000000000734920005000000000015433
08200002000000000008000039700000000000094210005000000000001979
08200002000000000008000039710000000000060740005000000000001276
08200002000000000008000039720000000000053720005000000000001128
08200002000000000008000039730000000000070250005000000000001475
08200002000000000008000039740000000000152890005000000000003211
08200002000000000008000039750000000000329670005000000000006923
08200002000000000008000039760000000000040080005000000000000842
08200002000000000008000039770000000000099170005000000000002083
08200002000000000008000039780000000000143260005000000000003009
08200002000000000008000039790000000000058930005000000000001237
08200002000000000008000039800000000000181820005000000000003818
08200002000000000008000039810000000000063020005000000000001323
08200002000000000008000039820000000000152890005000000000003211
08200002000000000008000039830000000000028510005000000000000599
08200002000000000008000039840000000000171940005000000000003611
08200002000000000008000039850000000000099830005000000000002097
08200002000000000008000039860000000000249500005000000000005240
08200002000000000008000039870000000000123550005000000000002595
08200002000000000008000039880000000000051860005000000000001089
08200002000000000008000039890000000000140580005000000000002952
08200002000000000008000039900000000000119500005000000000002510
08200002000000000008000039910000000000142980005000000000003002
08200002000000000008000039920000000000077690005000000000001631
08200002000000000008000039930000000000060290005000000000001266
08200002000000000008000039940000000000747270005000000000015693
08200002000000000008000039950000000000679670005000000000014273
08200002000000000008000039960000000000415290005000000000008721
08200002000000000008000039970000000000059830005000000000001257
08100002000000000008000039980000000000337190005000000000007081
08200002000000000008000039990000000000059090005000000000001241
08200002000000000008000040000000000000147440005000000000003096
08200002000000000008000040010000000000036030005000000000000757
08200002000000000008000040020000000000727270005000000000015273
08200002000000000008000040030000000000363220005000000000007628
08200002000000000008000040040000000000276820005000000000005813
08200002000000000008000040050000000000124010005000000000002604
08200002000000000008000040060000000000072640005000000000001526
08200002000000000008000040070000000000083060005000000000001744
08200002000000000008000040080000000000299920005000000000006298
08200002000000000008000040090000000000049590005000000000001041
08200002000000000008000040100000000000199830005000000000004197
08200002000000000008000040110000000000111650005000000000002345
08200002000000000008000040120000000000089210005000000000001874
08200002000000000008000040130000000000165450005000000000003475
08200002000000000008000040140000000000250410005000000000005259
08200002000000000008000040150000000000167890005000000000003526
08200002000000000008000040160000000000271570005000000000005703
08200002000000000008000040170000000000121900005000000000002560
08200002000000000008000040180000000000230080005000000000004832
08200002000000000008000040190000000000161070005000000000003383
08200002000000000008000040200000000000228310005000000000004794
08200002000000000008000040210000000000399790005000000000008396
08200002000000000008000040220000000000363640005000000000007636
08200002000000000008000040230000000000104460005000000000002194
08200002000000000008000040240000000000223470005000000000004693
08200002000000000008000040250000000000055790005000000000001171
08200002000000000008000040260000000000032230005000000000000677
08200002000000000008000040270000000000364550005000000000007655
08200002000000000008000040280000000000704630005000000000014797
08200002000000000008000040290000000000114630005000000000002407
08200002000000000008000040300000000000578510005000000000012149
08200002000000000008000040310000000000249170005000000000005233
08200002000000000008000040320000000000074380005000000000001562
08200002000000000008000040330000000000047110005000000000000989
08200002000000000008000040340000000000180450005000000000003790
08200002000000000008000040350000000000052520005000000000001103
08200002000000000008000040360000000000412400005000000000008660
08200002000000000008000040370000000000053600005000000000001125
08200002000000000008000040380000000000162770005000000000003418
08200002000000000008000040390000000000110540005000000000002321
08200002000000000008000040400000000000545120005000000000011448
08200002000000000008000040410000000000237850005000000000004995
08200002000000000008000040420000000000117850005000000000002475
08200002000000000008000040430000000000038680005000000000000812
08200002000000000008000040440000000000050410005000000000001059
08200002000000000008000040450000000000045950005000000000000965
08200002000000000008000040460000000000361980005000000000007602
08200002000000000008000040470000000000049590005000000000001041
08200002000000000008000040480000000000280330005000000000005887
08200002000000000008000040490000000000111570005000000000002343
08200002000000000008000040500000000000214880005000000000004512
08200002000000000008000040510000000000305790005000000000006421
08200002000000000008000040520000000000077480005000000000001627
08200002000000000008000040530000000000029750005000000000000625
08200002000000000008000040540000000000123970005000000000002603
08200002000000000008000040550000000000231070005000000000004853
08200002000000000008000040560000000000646940005000000000013586
08200002000000000008000040570000000000587360005000000000012334
08200002000000000008000040580000000000030990005000000000000651
08200002000000000008000040590000000000032640005000000000000686
08200002000000000008000040600000000000099340005000000000002086
08200002000000000008000040610000000000100410005000000000002109
08200002000000000008000040620000000000173470005000000000003643
08200002000000000008000040630000000000123970005000000000002603
08200002000000000008000040640000000000338600005000000000007110
08200002000000000008000040650000000000362190005000000000007606
08200002000000000008000040660000000000096690005000000000002031
08200002000000000008000040670000000000181820005000000000003818
08200002000000000008000040680000000000245790005000000000005161
08200002000000000008000040690000000000369710005000000000007764
08200002000000000008000040700000000000027270005000000000000573
08200002000000000008000040710000000000102560005000000000002154
08200002000000000008000040720000000000312230005000000000006557
08200002000000000008000040730000000000070910005000000000001489
08200002000000000008000040740000000000112890005000000000002371
08200002000000000008000040750000000000345990005000000000007266
08200002000000000008000040760000000000026450005000000000000555
08200002000000000008000040770000000000278100005000000000005840
08200002000000000008000040780000000000089260005000000000001874
08200002000000000008000040790000000000042640005000000000000896
08200002000000000008000040800000000000426530005000000000008957
08200002000000000008000040810000000000061980005000000000001302
08200002000000000008000040820000000000120540005000000000002531
08200002000000000008000040830000000000684460005000000000014374
08200002000000000008000040840000000000020170005000000000000423
08200002000000000008000040850000000000097360005000000000002044
08200002000000000008000040860000000000031860005000000000000669
08200002000000000008000040870000000000213390005000000000004481
08200002000000000008000040880000000000063100005000000000001325
08200002000000000008000040890000000000269420005000000000005658
08200002000000000008000040900000000000382600005000000000008035
08200002000000000008000040910000000000034130005000000000000717
08200002000000000008000040920000000000171070005000000000003593
08200002000000000008000040930000000000220170005000000000004623
08200002000000000008000040940000000000191740005000000000004026
08200002000000000008000040950000000000178680005000000000003752
08200002000000000008000040960000000000327560005000000000006879
08200002000000000008000040970000000000311240005000000000006536
08200002000000000008000040980000000000302730005000000000006357
08200002000000000008000040990000000000050000005000000000001050
08200002000000000008000041000000000000081860005000000000001719
08200002000000000008000041010000000000777270005000000000016323
08200002000000000008000041020000000000140290005000000000002946
08200002000000000008000041030000000000278930005000000000005857
08200002000000000008000041040000000000126450005000000000002655
08200002000000000008000041050000000000082640005000000000001736
08200002000000000008000041060000000000046200005000000000000970
08200002000000000008000041070000000000426860005000000000008964
08200002000000000008000041080000000000194050005000000000004075
08200002000000000008000041090000000000152890005000000000003211
08200002000000000008000041100000000000079340005000000000001666
08200002000000000008000041110000000000131400005000000000002760
08200002000000000008000041120000000000003720005000000000000078
08200002000000000008000041130000000000003720005000000000000078
08200002000000000008000041140000000000002070005000000000000043
08200002000000000008000041150000000000161820005000000000003398
08200002000000000008000041160000000000172400005000000000003620
08200002000000000008000041170000000000036650005000000000000770
08200002000000000008000041180000000000192480005000000000004042
08200002000000000008000041190000000000072730005000000000001527
08200002000000000008000041200000000000051900005000000000001090
08200002000000000008000041210000000000063640005000000000001336
08200002000000000008000041220000000000148760005000000000003124
08200002000000000008000041230000000000082890005000000000001741
08200002000000000008000041240000000000204130005000000000004287
08200002000000000008000041250000000000523550005000000000010995
08200002000000000008000041260000000000121820005000000000002558
08200002000000000008000041270000000000074460005000000000001564
08200002000000000008000041280000000000414050005000000000008695
08200002000000000008000041290000000000751200005000000000015775
08200002000000000008000041300000000000175540005000000000003686
08200002000000000008000041310000000000090500005000000000001900
08200002000000000008000041320000000000150080005000000000003152
08200002000000000008000041330000000000212890005000000000004471
08200002000000000008000041340000000000349590005000000000007341
08200002000000000008000041350000000000177360005000000000003724
08100002000000000008000041360000000000642980005000000000013502
08200002000000000008000041370000000000141740005000000000002976
08200002000000000008000041380000000000103390005000000000002171
08200002000000000008000041390000000000115700005000000000002430
08200002000000000008000041400000000000098840005000000000002076
08200002000000000008000041410000000000011570005000000000000243
08200002000000000008000041420000000000046360005000000000000974
08200002000000000008000041430000000000325950005000000000006845
08200002000000000008000041440000000000116570005000000000002448
08200002000000000008000041450000000000180620005000000000003793
08200002000000000008000041460000000000160170005000000000003363
08200002000000000008000041470000000000369170005000000000007753
08200002000000000008000041480000000000235700005000000000004950
08200002000000000008000041490000000000119010005000000000002499
08200002000000000008000041500000000000578510005000000000012149
08200002000000000008000041510000000000143180005000000000003007
08200002000000000008000041520000000000033060005000000000000694
08200002000000000008000041530000000000074380005000000000001562
08200002000000000008000041540000000000131940005000000000002771
08200002000000000008000041550000000000013060005000000000000274
08200002000000000008000041560000000000082230005000000000001727
08200002000000000008000041570000000000123930005000000000002602
08200002000000000008000041580000000000368020005000000000007728
08200002000000000008000041590000000000184550005000000000003875
08200002000000000008000041600000000000056940005000000000001196
08200002000000000008000041610000000000015290005000000000000321
08200002000000000008000041620000000000024920005000000000000523
08200002000000000008000041630000000000123970005000000000002603
08200002000000000008000041640000000000026860005000000000000564
08200002000000000008000041650000000000013720005000000000000288
08200002000000000008000041660000000000120250005000000000002525
08200002000000000008000041670000000000177690005000000000003731
08200002000000000008000041680000000000185950005000000000003905
08200002000000000008000041690000000000062070005000000000001303
08200002000000000008000041700000000000197110005000000000004139
08200002000000000008000041710000000000287020005000000000006028
08200002000000000008000041720000000000198100005000000000004160
08200002000000000008000041730000000000055170005000000000001158
08200002000000000008000041740000000000029340005000000000000616
08200002000000000008000041750000000000175450005000000000003685
08200002000000000008000041760000000000066120005000000000001388
08200002000000000008000041770000000000048760005000000000001024
08200002000000000008000041780000000000053550005000000000001125
08200002000000000008000041790000000000040910005000000000000859
08200002000000000008000041800000000000095580005000000000002007
08200002000000000008000041810000000000329500005000000000006920
08200002000000000008000041820000000000018680005000000000000392
08200002000000000008000041830000000000466400005000000000009795
08200002000000000008000041840000000000092520005000000000001943
08200002000000000008000041850000000000087190005000000000001831
08200002000000000008000041860000000000158680005000000000003332
08200002000000000008000041870000000000050000005000000000001050
08200002000000000008000041880000000000055170005000000000001158
08200002000000000008000041890000000000002070005000000000000043
08200002000000000008000041900000000000002070005000000000000043
08200002000000000008000041910000000000002070005000000000000043
08200002000000000008000041920000000000003720005000000000000078
08200002000000000008000041930000000000140740005000000000002956
08200002000000000008000041940000000000002070005000000000000043
08200002000000000008000041950000000000257730005000000000005412
08200002000000000008000041960000000000360250005000000000007565
08200002000000000008000041970000000000263800005000000000005540
08200002000000000008000041980000000000361740005000000000007596
08200002000000000008000041990000000000097020005000000000002038
08200002000000000008000042000000000000224790005000000000004721
08200002000000000008000042010000000000114460005000000000002404
08200002000000000008000042020000000000148350005000000000003115
08200002000000000008000042030000000000131070005000000000002753
08200002000000000008000042040000000000172310005000000000003619
08200002000000000008000042050000000000181690005000000000003816
08200002000000000008000042060000000000078260005000000000001644
08200002000000000008000042070000000000044630005000000000000937
08200002000000000008000042080000000000199750005000000000004195
08200002000000000008000042090000000000257270005000000000005403
08200002000000000008000042100000000000127770005000000000002683
08200002000000000008000042110000000000151900005000000000003190
08200002000000000008000042120000000000147110005000000000003089
08200002000000000008000042130000000000209340005000000000004396
08200002000000000008000042140000000000042230005000000000000887
08200002000000000008000042150000000000094210005000000000001979
08200002000000000008000042160000000000305370005000000000006413
08200002000000000008000042170000000000037190005000000000000781
08200002000000000008000042180000000000138840005000000000002916
08200002000000000008000042190000000000214130005000000000004497
08200002000000000008000042200000000000211900005000000000004450
08200002000000000008000042210000000000017020005000000000000358
08200002000000000008000042220000000000033640005000000000000706
08200002000000000008000042230000000000070870005000000000001488
08200002000000000008000042240000000000742310005000000000015589
08200002000000000008000042250000000000222270005000000000004668
08200002000000000008000042260000000000249920005000000000005248
08200002000000000008000042270000000000067480005000000000001417
08200002000000000008000042280000000000054210005000000000001139
08200002000000000008000042290000000000019830005000000000000417
08200002000000000008000042300000000000264550005000000000005555
08200002000000000008000042310000000000307440005000000000006456
08200002000000000008000042320000000000219010005000000000004599
08200002000000000008000042330000000000578510005000000000012149
08200002000000000008000042340000000000253220005000000000005318
08200002000000000008000042350000000000022440005000000000000471
08200002000000000008000042360000000000210990005000000000004431
08200002000000000008000042370000000000148760005000000000003124
08200002000000000008000042380000000000103720005000000000002178
08200002000000000008000042390000000000113220005000000000002378
08200002000000000008000042400000000000430740005000000000009046
08200002000000000008000042410000000000119210005000000000002504
08200002000000000008000042420000000000196360005000000000004124
08200002000000000008000042430000000000123970005000000000002603
08200002000000000008000042440000000000231160005000000000004854
08200002000000000008000042450000000000330740005000000000006946
08200002000000000008000042460000000000009500005000000000000200
08200002000000000008000042470000000000021740005000000000000456
08200002000000000008000042480000000000032230005000000000000677
08200002000000000008000042490000000000039670005000000000000833
08200002000000000008000042500000000000038720005000000000000813
08200002000000000008000042510000000000335790005000000000007051
08200002000000000008000042520000000000159500005000000000003350
08200002000000000008000042530000000000280990005000000000005901
08200002000000000008000042540000000000183760005000000000003859
08200002000000000008000042550000000000079960005000000000001679
08200002000000000008000042560000000000101240005000000000002126
08200002000000000008000042570000000000212480005000000000004462
08200002000000000008000042580000000000536860005000000000011274
08200002000000000008000042590000000000229050005000000000004810
08200002000000000008000042600000000000373720005000000000007848
08200002000000000008000042610000000000267190005000000000005611
08200002000000000008000042620000000000121490005000000000002551
08200002000000000008000042630000000000132850005000000000002790
08200002000000000008000042640000000000228310005000000000004794
08200002000000000008000042650000000000024300005000000000000510
08200002000000000008000042660000000000059090005000000000001241
08200002000000000008000042670000000000257190005000000000005401
08200002000000000008000042680000000000033720005000000000000708
08200002000000000008000042690000000000216030005000000000004537
08200002000000000008000042700000000000284460005000000000005974
08200002000000000008000042710000000000268510005000000000005639
08200002000000000008000042720000000000176030005000000000003697
08200002000000000008000042730000000000115950005000000000002435
08200002000000000008000042740000000000101450005000000000002130
08200002000000000008000042750000000000220660005000000000004634
08200002000000000008000042760000000000102640005000000000002156
08200002000000000008000042770000000000052440005000000000001101
08200002000000000008000042780000000000175500005000000000003685
08200002000000000008000042790000000000216280005000000000004542
08200002000000000008000042800000000000145250005000000000003050
08200002000000000008000042810000000000131400005000000000002760
08200002000000000008000042820000000000059090005000000000001241
08200002000000000008000042830000000000082640005000000000001736
08200002000000000008000042840000000000531120005000000000011153
08200002000000000008000042850000000000142150005000000000002985
08200002000000000008000042860000000000125410005000000000002634
08200002000000000008000042870000000000367770005000000000007723
08200002000000000008000042880000000000063310005000000000001329
08200002000000000008000042890000000000083880005000000000001762
08200002000000000008000042900000000000145040005000000000003046
08200002000000000008000042910000000000017230005000000000000362
08200002000000000008000042920000000000198510005000000000004169
08200002000000000008000042930000000000148880005000000000003127
08200002000000000008000042940000000000057850005000000000001215
08200002000000000008000042950000000000215540005000000000004526
08200002000000000008000042960000000000052730005000000000001107
08200002000000000008000042970000000000271280005000000000005697
08200002000000000008000042980000000000215540005000000000004526
08200002000000000008000042990000000000025870005000000000000543
08200002000000000008000043000000000000102150005000000000002145
08200002000000000008000043010000000000088510005000000000001859
08200002000000000008000043020000000000083390005000000000001751
08200002000000000008000043030000000000149210005000000000003134
08200002000000000008000043040000000000076650005000000000001610
08200002000000000008000043050000000000093680005000000000001967
08200002000000000008000043060000000000207360005000000000004354
08200002000000000008000043070000000000065790005000000000001381
08200002000000000008000043080000000000047520005000000000000998
08200002000000000008000043090000000000180250005000000000003785
08200002000000000008000043100000000000190410005000000000003999
08200002000000000008000043110000000000193470005000000000004063
08200002000000000008000043120000000000068600005000000000001440
08200002000000000008000043130000000000171490005000000000003601
08200002000000000008000043140000000000105370005000000000002213
08200002000000000008000043150000000000094210005000000000001979
08200002000000000008000043160000000000187600005000000000003940
08200002000000000008000043170000000000095210005000000000001999
08200002000000000008000043180000000000280910005000000000005899
08200002000000000008000043190000000000117230005000000000002462
08200002000000000008000043200000000000097520005000000000002048
08200002000000000008000043210000000000002070005000000000000043
08200002000000000008000043220000000000002070005000000000000043
08200002000000000008000043230000000000161570005000000000003393
08200002000000000008000043240000000000094210005000000000001979
08200002000000000008000043250000000000002070005000000000000043
08200002000000000008000043260000000000003720005000000000000078
08200002000000000008000043270000000000009090005000000000000191
08200002000000000008000043280000000000010500005000000000000220
08200002000000000008000043290000000000042020005000000000000883
08200002000000000008000043300000000000047810005000000000001004
08200002000000000008000043310000000000291200005000000000006115
08200002000000000008000043320000000000072730005000000000001527
08200002000000000008000043330000000000090910005000000000001909
08200002000000000008000043340000000000102440005000000000002151
08200002000000000008000043350000000000151860005000000000003189
08200002000000000008000043360000000000045120005000000000000948
08200002000000000008000043370000000000078840005000000000001656
08200002000000000008000043380000000000054960005000000000001154
08200002000000000008000043390000000000037190005000000000000781
08200002000000000008000043400000000000172070005000000000003613
08200002000000000008000043410000000000169420005000000000003558
08200002000000000008000043420000000000108760005000000000002284
08200002000000000008000043430000000000078350005000000000001645
08200002000000000008000043440000000000156610005000000000003289
08200002000000000008000043450000000000165040005000000000003466
08200002000000000008000043460000000000273550005000000000005745
08200002000000000008000043470000000000012400005000000000000260
08200002000000000008000043480000000000130580005000000000002742
08200002000000000008000043490000000000200990005000000000004221
08200002000000000008000043500000000000210740005000000000004426
08200002000000000008000043510000000000094550005000000000001985
08200002000000000008000043520000000000030830005000000000000647
08200002000000000008000043530000000000002070005000000000000043
08200002000000000008000043540000000000053720005000000000001128
08200002000000000008000043550000000000219500005000000000004610
08200002000000000008000043560000000000475980005000000000009996
08200002000000000008000043570000000000037930005000000000000797
08200002000000000008000043580000000000022360005000000000000469
08200002000000000008000043590000000000308680005000000000006482
08200002000000000008000043600000000000111070005000000000002333
08200002000000000008000043610000000000110000005000000000002310
08200002000000000008000043620000000000277850005000000000005835
08200002000000000008000043630000000000185370005000000000003893
08200002000000000008000043640000000000068180005000000000001432
08200002000000000008000043650000000000182070005000000000003823
08200002000000000008000043660000000000052070005000000000001093
08200002000000000008000043670000000000247930005000000000005207
08200002000000000008000043680000000000057640005000000000001211
08200002000000000008000043690000000000031400005000000000000660
08200002000000000008000043700000000000253470005000000000005323
08200002000000000008000043710000000000054550005000000000001145
08200002000000000008000043720000000000804920005000000000016903
08200002000000000008000043730000000000466030005000000000009787
08200002000000000008000043740000000000206740005000000000004341
08200002000000000008000043750000000000217890005000000000004576
08200002000000000008000043760000000000127020005000000000002668
08200002000000000008000043770000000000224210005000000000004709
08200002000000000008000043780000000000170170005000000000003573
08200002000000000008000043790000000000038430005000000000000807
08200002000000000008000043800000000000078260005000000000001644
08200002000000000008000043810000000000208180005000000000004372
08200002000000000008000043820000000000178600005000000000003750
08200002000000000008000043830000000000111570005000000000002343
08200002000000000008000043840000000000037890005000000000000796
08200002000000000008000043850000000000177020005000000000003718
08200002000000000008000043860000000000035120005000000000000738
08200002000000000008000043870000000000003720005000000000000078
08200002000000000008000043880000000000071820005000000000001508
08200002000000000008000043890000000000366200005000000000007690
08200002000000000008000043900000000000165290005000000000003471
08200002000000000008000043910000000000231240005000000000004856
08200002000000000008000043920000000000139170005000000000002923
08200002000000000008000043930000000000347810005000000000007304
08200002000000000008000043940000000000177690005000000000003731
08200002000000000008000043950000000000049590005000000000001041
08200002000000000008000043960000000000213720005000000000004488
08200002000000000008000043970000000000259340005000000000005446
08200002000000000008000043980000000000038840005000000000000816
08200002000000000008000043990000000000222230005000000000004667
08200002000000000008000044000000000000018180005000000000000382
08200002000000000008000044010000000000653880005000000000013732
08200002000000000008000044020000000000268600005000000000005640
08200002000000000008000044030000000000137110005000000000002879
08200002000000000008000044040000000000018350005000000000000385
08200002000000000008000044050000000000103970005000000000002183
08200002000000000008000044060000000000190910005000000000004009
08200002000000000008000044070000000000089670005000000000001883
08200002000000000008000044080000000000112850005000000000002370
08200002000000000008000044090000000000109920005000000000002308
08200002000000000008000044100000000000315040005000000000006616
08200002000000000008000044110000000000105790005000000000002221
08200002000000000008000044120000000000074380005000000000001562
08200002000000000008000044130000000000115210005000000000002419
08200002000000000008000044140000000000121690005000000000002556
08200002000000000008000044150000000000158680005000000000003332
08200002000000000008000044160000000000054090005000000000001136
08200002000000000008000044170000000000204960005000000000004304
08200002000000000008000044180000000000198350005000000000004165
08200002000000000008000044190000000000135120005000000000002838
08200002000000000008000044200000000000151530005000000000003182
08200002000000000008000044210000000000113720005000000000002388
08200002000000000008000044220000000000166200005000000000003490
08200002000000000008000044230000000000279920005000000000005878
08200002000000000008000044240000000000651650005000000000013685
08200002000000000008000044250000000000064960005000000000001364
08200002000000000008000044260000000000674380005000000000014162
08200002000000000008000044270000000000674380005000000000014162
08200002000000000008000044280000000000674380005000000000014162
08200002000000000008000044290000000000674380005000000000014162
08200002000000000008000044300000000000674380005000000000014162
08200002000000000008000044310000000000301650005000000000006335
08200002000000000008000044320000000000102400005000000000002150
08200002000000000008000044330000000000216530005000000000004547
08200002000000000008000044360000000000061980005000000000001302
08200002000000000008000044370000000000119010005000000000002499
08200002000000000008000044380000000000039340005000000000000826
08200002000000000008000044390000000000033970005000000000000713
08200002000000000008000044400000000000795740005000000000016711
08200002000000000008000044410000000000518180005000000000010882
08200002000000000008000044420000000000059750005000000000001255
08200002000000000008000044430000000000074380005000000000001562
08200002000000000008000044440000000000028510005000000000000599
08200002000000000008000044450000000000176780005000000000003712
08200002000000000008000044460000000000151570005000000000003183
08200002000000000008000044470000000000239670005000000000005033
08200002000000000008000044480000000000136360005000000000002864
08200002000000000008000044490000000000765100005000000000016067
08200002000000000008000044500000000000075120005000000000001578
08200002000000000008000044510000000000059170005000000000001243
08200002000000000008000044520000000000155210005000000000003259
08200002000000000008000044530000000000245290005000000000005151
08200002000000000008000044540000000000126280005000000000002652
08200002000000000008000044550000000000231980005000000000004872
08200002000000000008000044560000000000578510005000000000012149
08200002000000000008000044570000000000250000005000000000005250
08200002000000000008000044580000000000808260005000000000016974
08200002000000000008000044590000000000728220005000000000015293
08200002000000000008000044600000000000517360005000000000010864
08200002000000000008000044610000000000330170005000000000006933
08200002000000000008000044620000000000097930005000000000002057
08200002000000000008000044630000000000200580005000000000004212
08200002000000000008000044640000000000814460005000000000017104
08200002000000000008000044650000000000066280005000000000001392
08200002000000000008000044660000000000087730005000000000001842
08200002000000000008000044670000000000196280005000000000004122
08200002000000000008000044680000000000823220005000000000017288
08200002000000000008000044690000000000353640005000000000007426
08200002000000000008000044700000000000288550005000000000006060
08200002000000000008000044710000000000087110005000000000001829
08200002000000000008000044720000000000183140005000000000003846
08200002000000000008000044730000000000072640005000000000001526
08200002000000000008000044740000000000083470005000000000001753
08200002000000000008000044750000000000246690005000000000005181
08200002000000000008000044760000000000241320005000000000005068
08200002000000000008000044770000000000111570005000000000002343
08200002000000000008000044780000000000063550005000000000001335
08200002000000000008000044790000000000337110005000000000007079
08200002000000000008000044800000000000166940005000000000003506
08200002000000000008000044810000000000072930005000000000001532
08200002000000000008000044820000000000106980005000000000002247
08200002000000000008000044830000000000323430005000000000006792
08200002000000000008000044840000000000067360005000000000001414
08200002000000000008000044850000000000363640005000000000007636
08200002000000000008000044860000000000240870005000000000005058
08200002000000000008000044870000000000061980005000000000001302
08200002000000000008000044880000000000590910005000000000012409
08200002000000000008000044890000000000612480005000000000012862
08200002000000000008000044900000000000299170005000000000006283
08200002000000000008000044910000000000171070005000000000003593
08200002000000000008000044920000000000109090005000000000002291
08200002000000000008000044930000000000388430005000000000008157
08200002000000000008000044940000000000148020005000000000003108
08200002000000000008000044950000000000134710005000000000002829
08200002000000000008000044960000000000778140005000000000016341
08200002000000000008000044970000000000046280005000000000000972
08200002000000000008000044980000000000791690005000000000016626
08200002000000000008000044990000000000119010005000000000002499
08200002000000000008000045000000000000298930005000000000006277
08200002000000000008000045010000000000441360005000000000009269
08200002000000000008000045020000000000044630005000000000000937
08200002000000000008000045030000000000226780005000000000004762
08200002000000000008000045040000000000316650005000000000006650
08200002000000000008000045050000000000023470005000000000000493
08200002000000000008000045060000000000067190005000000000001411
08200002000000000008000045070000000000281200005000000000005905
08200002000000000008000045080000000000083680005000000000001757
08200002000000000008000045090000000000179710005000000000003774
08200002000000000008000045100000000000016940005000000000000356
08200002000000000008000045110000000000083470005000000000001753
08200002000000000008000045120000000000118600005000000000002490
08200002000000000008000045130000000000352480005000000000007402
08200002000000000008000045140000000000391860005000000000008229
08200002000000000008000045150000000000064300005000000000001350
08200002000000000008000045160000000000224090005000000000004706
08200002000000000008000045170000000000605790005000000000012721
08200002000000000008000045180000000000517360005000000000010864
08200002000000000008000045190000000000050410005000000000001059
08200002000000000008000045200000000000119830005000000000002517
08200002000000000008000045210000000000113430005000000000002382
08200002000000000008000045220000000000292480005000000000006142
08200002000000000008000045230000000000188840005000000000003966
08200002000000000008000045240000000000009920005000000000000208
08200002000000000008000045250000000000220580005000000000004632
08200002000000000008000045260000000000109260005000000000002294
08200002000000000008000045270000000000395910005000000000008314
08200002000000000008000045280000000000229090005000000000004811
08200002000000000008000045290000000000080990005000000000001701
08200002000000000008000045300000000000133060005000000000002794
08200002000000000008000045310000000000306610005000000000006439
08200002000000000008000045320000000000078510005000000000001649
08200002000000000008000045330000000000215580005000000000004527
08200002000000000008000045340000000000396690005000000000008331
08200002000000000008000045350000000000313220005000000000006578
08200002000000000008000045360000000000046980005000000000000987
08200002000000000008000045370000000000026450005000000000000555
08200002000000000008000045380000000000202070005000000000004243
08200002000000000008000045390000000000386120005000000000008108
08200002000000000008000045400000000000306400005000000000006435
08200002000000000008000045410000000000130580005000000000002742
08200002000000000008000045420000000000080790005000000000001696
08200002000000000008000045430000000000177690005000000000003731
08200002000000000008000045440000000000124050005000000000002605
08200002000000000008000045450000000000304830005000000000006402
08200002000000000008000045460000000000462810005000000000009719
08200002000000000008000045470000000000204300005000000000004290
08200002000000000008000045480000000000066820005000000000001403
08200002000000000008000045490000000000087480005000000000001837
08200002000000000008000045500000000000052890005000000000001111
08200002000000000008000045510000000000019590005000000000000411
08200002000000000008000045520000000000578510005000000000012149
08200002000000000008000045530000000000626030005000000000013147
08200002000000000008000045540000000000182640005000000000003836
08200002000000000008000045550000000000043390005000000000000911
08200002000000000008000045560000000000181820005000000000003818
08200002000000000008000045570000000000150170005000000000003153
08200002000000000008000045580000000000065830005000000000001382
08200002000000000008000045590000000000063220005000000000001328
08200002000000000008000045600000000000213220005000000000004478
08200002000000000008000045610000000000081320005000000000001708
08200002000000000008000045620000000000044420005000000000000933
08200002000000000008000045630000000000018390005000000000000386
08200002000000000008000045640000000000037190005000000000000781
08200002000000000008000045650000000000169830005000000000003567
08200002000000000008000045660000000000047270005000000000000993
08200002000000000008000045670000000000023550005000000000000495
08200002000000000008000045680000000000084670005000000000001778
08200002000000000008000045690000000000162640005000000000003416
08200002000000000008000045700000000000021900005000000000000460
08200002000000000008000045710000000000038180005000000000000802
08200002000000000008000045720000000000285620005000000000005998
08200002000000000008000045730000000000037190005000000000000781
08200002000000000008000045740000000000021820005000000000000458
08200002000000000008000045750000000000041320005000000000000868
08200002000000000008000045760000000000098350005000000000002065
08200002000000000008000045770000000000300080005000000000006302
08200002000000000008000045780000000000048180005000000000001012
08200002000000000008000045790000000000017980005000000000000377
08200002000000000008000045800000000000110870005000000000002328
08200002000000000008000045810000000000088220005000000000001853
08200002000000000008000045820000000000699090005000000000014681
08200002000000000008000045830000000000106610005000000000002239
